1
86
1
107
1
49
1
93
1
67
1
63
1
75
1
52
1
87
1
80
2
103
2
74
2
52
2
68
2
48
2
69
2
97
2
104
2
59
2
61
3
100
3
101
3
72
3
108
3
65
3
49
3
58
3
68
3
45
3
89
4
91
4
90
4
88
4
106
4
74
4
56
4
60
4
81
4
109
4
51
5
100
5
57
5
47
5
105
5
86
5
72
5
92
5
75
5
76
5
77
6
100
6
98
6
55
6
63
6
74
6
77
6
67
6
106
6
97
6
50
7
65
7
60
7
89
7
46
7
108
7
61
7
68
7
67
7
69
7
63
8
80
8
70
8
85
8
78
8
68
8
67
8
62
8
88
8
89
8
48
9
48
9
97
9
58
9
89
9
87
9
82
9
105
9
76
9
84
9
57
10
88
10
81
10
82
10
78
10
74
10
66
10
107
10
54
10
99
10
94
11
87
11
49
11
73
11
100
11
64
11
104
11
68
11
105
11
58
11
102
12
74
12
76
12
64
12
110
12
98
12
103
12
54
12
53
12
71
12
46
13
107
13
54
13
80
13
56
13
83
13
58
13
104
13
49
13
82
13
84
14
52
14
90
14
79
14
49
14
106
14
108
14
82
14
70
14
95
14
77
15
64
15
68
15
103
15
75
15
102
15
85
15
46
15
94
15
99
15
72
16
102
16
97
16
47
16
106
16
70
16
100
16
52
16
58
16
94
16
75
17
91
17
108
17
68
17
75
17
50
17
56
17
99
17
81
17
101
17
74
18
106
18
70
18
80
18
99
18
62
18
82
18
108
18
51
18
55
18
90
19
102
19
61
19
73
19
67
19
106
19
100
19
92
19
85
19
99
19
107
20
73
20
88
20
110
20
61
20
80
20
85
20
70
20
94
20
47
20
103
21
76
21
98
21
109
21
65
21
58
21
96
21
94
21
100
21
59
21
57
22
88
22
63
22
48
22
78
22
72
22
93
22
98
22
69
22
45
22
73
23
96
23
108
23
54
23
61
23
60
23
91
23
76
23
62
23
95
23
63
24
69
24
97
24
81
24
60
24
93
24
63
24
85
24
49
24
59
24
52
25
101
25
94
25
49
25
53
25
90
25
54
25
84
25
107
25
103
25
69
26
97
26
85
26
80
26
87
26
108
26
54
26
52
26
71
26
62
26
74
27
85
27
83
27
104
27
89
27
56
27
48
27
107
27
68
27
49
27
46
28
89
28
102
28
53
28
45
28
91
28
50
28
109
28
92
28
88
28
56
29
106
29
60
29
81
29
47
29
61
29
70
29
83
29
108
29
82
29
75
30
74
30
69
30
49
30
89
30
64
30
110
30
52
30
99
30
50
30
47
31
98
31
60
31
86
31
103
31
47
31
67
31
56
31
58
31
106
31
104
32
92
32
54
32
50
32
61
32
59
32
110
32
99
32
87
32
56
32
60
33
74
33
107
33
68
33
61
33
88
33
72
33
46
33
64
33
66
33
81
34
78
34
45
34
61
34
59
34
48
34
75
34
67
34
56
34
63
34
81
35
93
35
105
35
83
35
110
35
45
35
72
35
51
35
48
35
74
35
92
36
47
36
61
36
80
36
54
36
52
36
82
36
59
36
106
36
69
36
49
37
70
37
57
37
48
37
62
37
102
37
95
37
82
37
83
37
71
37
72
38
103
38
78
38
56
38
63
38
92
38
88
38
50
38
87
38
53
38
51
39
93
39
108
39
55
39
88
39
90
39
67
39
79
39
80
39
73
39
101
40
62
40
103
40
79
40
67
40
48
40
78
40
66
40
71
40
88
40
104
41
110
41
83
41
97
41
57
41
46
41
70
41
75
41
92
41
50
41
86
42
69
42
63
42
86
42
102
42
88
42
95
42
99
42
55
42
89
42
72
43
79
43
66
43
63
43
82
43
103
43
59
43
86
43
46
43
80
43
100
44
85
44
52
44
51
44
60
44
95
44
49
44
88
44
83
44
103
44
64
1
2
1
3
1
4
1
5
1
6
1
7
1
8
1
9
1
10
1
11
2
3
2
4
2
5
2
6
2
7
2
8
2
9
2
10
2
11
3
4
3
5
3
6
3
7
3
8
3
9
3
10
3
11
4
5
4
6
4
7
4
8
4
9
4
10
4
11
5
6
5
7
5
8
5
9
5
10
5
11
6
7
6
8
6
9
6
10
6
11
7
8
7
9
7
10
7
11
8
9
8
10
8
11
9
10
9
11
10
11
12
13
12
14
12
15
12
16
12
17
12
18
12
19
12
20
12
21
12
22
13
14
13
15
13
16
13
17
13
18
13
19
13
20
13
21
13
22
14
15
14
16
14
17
14
18
14
19
14
20
14
21
14
22
15
16
15
17
15
18
15
19
15
20
15
21
15
22
16
17
16
18
16
19
16
20
16
21
16
22
17
18
17
19
17
20
17
21
17
22
18
19
18
20
18
21
18
22
19
20
19
21
19
22
20
21
20
22
21
22
23
24
23
25
23
26
23
27
23
28
23
29
23
30
23
31
23
32
23
33
24
25
24
26
24
27
24
28
24
29
24
30
24
31
24
32
24
33
25
26
25
27
25
28
25
29
25
30
25
31
25
32
25
33
26
27
26
28
26
29
26
30
26
31
26
32
26
33
27
28
27
29
27
30
27
31
27
32
27
33
28
29
28
30
28
31
28
32
28
33
29
30
29
31
29
32
29
33
30
31
30
32
30
33
31
32
31
33
32
33
34
35
34
36
34
37
34
38
34
39
34
40
34
41
34
42
34
43
34
44
35
36
35
37
35
38
35
39
35
40
35
41
35
42
35
43
35
44
36
37
36
38
36
39
36
40
36
41
36
42
36
43
36
44
37
38
37
39
37
40
37
41
37
42
37
43
37
44
38
39
38
40
38
41
38
42
38
43
38
44
39
40
39
41
39
42
39
43
39
44
40
41
40
42
40
43
40
44
41
42
41
43
41
44
42
43
42
44
43
44
45
46
45
47
45
48
45
49
45
50
45
51
45
52
45
53
45
54
45
55
46
47
46
48
46
49
46
50
46
51
46
52
46
53
46
54
46
55
47
48
47
49
47
50
47
51
47
52
47
53
47
54
47
55
48
49
48
50
48
51
48
52
48
53
48
54
48
55
49
50
49
51
49
52
49
53
49
54
49
55
50
51
50
52
50
53
50
54
50
55
51
52
51
53
51
54
51
55
52
53
52
54
52
55
53
54
53
55
54
55
56
57
56
58
56
59
56
60
56
61
56
62
56
63
56
64
56
65
56
66
57
58
57
59
57
60
57
61
57
62
57
63
57
64
57
65
57
66
58
59
58
60
58
61
58
62
58
63
58
64
58
65
58
66
59
60
59
61
59
62
59
63
59
64
59
65
59
66
60
61
60
62
60
63
60
64
60
65
60
66
61
62
61
63
61
64
61
65
61
66
62
63
62
64
62
65
62
66
63
64
63
65
63
66
64
65
64
66
65
66
67
68
67
69
67
70
67
71
67
72
67
73
67
74
67
75
67
76
67
77
68
69
68
70
68
71
68
72
68
73
68
74
68
75
68
76
68
77
69
70
69
71
69
72
69
73
69
74
69
75
69
76
69
77
70
71
70
72
70
73
70
74
70
75
70
76
70
77
71
72
71
73
71
74
71
75
71
76
71
77
72
73
72
74
72
75
72
76
72
77
73
74
73
75
73
76
73
77
74
75
74
76
74
77
75
76
75
77
76
77
78
79
78
80
78
81
78
82
78
83
78
84
78
85
78
86
78
87
78
88
79
80
79
81
79
82
79
83
79
84
79
85
79
86
79
87
79
88
80
81
80
82
80
83
80
84
80
85
80
86
80
87
80
88
81
82
81
83
81
84
81
85
81
86
81
87
81
88
82
83
82
84
82
85
82
86
82
87
82
88
83
84
83
85
83
86
83
87
83
88
84
85
84
86
84
87
84
88
85
86
85
87
85
88
86
87
86
88
87
88
89
90
89
91
89
92
89
93
89
94
89
95
89
96
89
97
89
98
89
99
90
91
90
92
90
93
90
94
90
95
90
96
90
97
90
98
90
99
91
92
91
93
91
94
91
95
91
96
91
97
91
98
91
99
92
93
92
94
92
95
92
96
92
97
92
98
92
99
93
94
93
95
93
96
93
97
93
98
93
99
94
95
94
96
94
97
94
98
94
99
95
96
95
97
95
98
95
99
96
97
96
98
96
99
97
98
97
99
98
99
100
101
100
102
100
103
100
104
100
105
100
106
100
107
100
108
100
109
100
110
101
102
101
103
101
104
101
105
101
106
101
107
101
108
101
109
101
110
102
103
102
104
102
105
102
106
102
107
102
108
102
109
102
110
103
104
103
105
103
106
103
107
103
108
103
109
103
110
104
105
104
106
104
107
104
108
104
109
104
110
105
106
105
107
105
108
105
109
105
110
106
107
106
108
106
109
106
110
107
108
107
109
107
110
108
109
108
110
109
110
