1
1214
1
640
1
239
1
874
1
866
1
1206
1
226
1
921
1
174
1
1345
2
400
2
565
2
849
2
1004
2
1317
2
393
2
913
2
1158
2
766
2
582
3
647
3
1124
3
653
3
1225
3
333
3
1011
3
717
3
400
3
664
3
1236
4
945
4
1366
4
1465
4
918
4
790
4
1268
4
629
4
1361
4
1521
4
656
5
404
5
1053
5
613
5
1387
5
1358
5
1062
5
128
5
1030
5
674
5
793
6
355
6
321
6
548
6
1192
6
1439
6
1515
6
338
6
299
6
775
6
894
7
462
7
855
7
1223
7
423
7
251
7
342
7
489
7
1437
7
712
7
428
8
291
8
296
8
1127
8
897
8
1151
8
173
8
348
8
1484
8
1375
8
599
9
1155
9
1061
9
1356
9
1267
9
938
9
1322
9
1094
9
243
9
599
9
507
10
1153
10
889
10
1041
10
97
10
270
10
524
10
858
10
55
10
440
10
1208
11
704
11
639
11
650
11
532
11
49
11
180
11
936
11
669
11
1278
11
916
12
1083
12
670
12
1281
12
796
12
225
12
335
12
711
12
1355
12
1441
12
602
13
708
13
230
13
270
13
403
13
421
13
394
13
481
13
1407
13
231
13
700
14
441
14
1508
14
1514
14
75
14
946
14
942
14
212
14
1078
14
847
14
621
15
1328
15
944
15
1267
15
1373
15
1153
15
1227
15
581
15
762
15
63
15
1253
16
1293
16
565
16
1435
16
200
16
1525
16
659
16
1406
16
1111
16
887
16
191
17
126
17
1329
17
458
17
354
17
841
17
1480
17
653
17
1080
17
1496
17
595
18
472
18
455
18
1528
18
400
18
843
18
910
18
997
18
1372
18
1482
18
1074
19
490
19
571
19
1179
19
1319
19
649
19
811
19
1391
19
628
19
262
19
1455
20
750
20
274
20
997
20
1267
20
1223
20
1436
20
816
20
425
20
385
20
1374
21
53
21
118
21
1084
21
1439
21
1533
21
529
21
995
21
508
21
793
21
1214
22
1221
22
985
22
174
22
1235
22
302
22
818
22
287
22
1338
22
381
22
1104
23
646
23
1089
23
1342
23
1079
23
335
23
1293
23
77
23
358
23
955
23
1099
24
1102
24
617
24
193
24
1232
24
1527
24
1176
24
1533
24
1319
24
118
24
775
25
1109
25
600
25
895
25
887
25
347
25
1487
25
456
25
554
25
104
25
1381
26
131
26
178
26
1237
26
144
26
641
26
141
26
951
26
1380
26
1125
26
864
27
647
27
425
27
537
27
195
27
231
27
1199
27
1536
27
1410
27
594
27
1225
28
513
28
399
28
466
28
1223
28
292
28
360
28
1194
28
991
28
1140
28
1335
29
283
29
399
29
642
29
176
29
849
29
657
29
1292
29
1130
29
198
29
877
30
1530
30
1381
30
857
30
836
30
811
30
1067
30
668
30
298
30
992
30
62
31
368
31
105
31
596
31
1476
31
142
31
1100
31
140
31
953
31
1223
31
935
32
1388
32
983
32
190
32
75
32
1055
32
1399
32
705
32
1321
32
1202
32
876
33
358
33
604
33
305
33
1099
33
423
33
558
33
1149
33
1114
33
1251
33
1126
34
839
34
696
34
617
34
1496
34
1261
34
635
34
506
34
800
34
411
34
1065
35
1141
35
810
35
1493
35
1472
35
366
35
723
35
193
35
777
35
386
35
1434
36
1400
36
1179
36
623
36
981
36
96
36
190
36
975
36
134
36
161
36
1307
37
1382
37
1325
37
1526
37
1237
37
1469
37
79
37
379
37
1321
37
639
37
220
38
791
38
346
38
1534
38
643
38
280
38
676
38
988
38
163
38
717
38
1207
39
1297
39
1139
39
340
39
1236
39
46
39
1003
39
677
39
251
39
432
39
1132
40
1397
40
478
40
1460
40
106
40
1281
40
745
40
699
40
742
40
679
40
713
41
1332
41
358
41
1266
41
450
41
710
41
977
41
581
41
166
41
307
41
566
42
346
42
643
42
1220
42
493
42
739
42
1136
42
1026
42
1197
42
673
42
127
43
1447
43
422
43
1025
43
203
43
340
43
224
43
52
43
573
43
73
43
977
44
1482
44
75
44
1524
44
883
44
1518
44
295
44
1059
44
1166
44
820
44
485
1
2
1
3
1
4
1
5
1
6
1
7
1
8
1
9
1
10
1
11
2
3
2
4
2
5
2
6
2
7
2
8
2
9
2
10
2
11
3
4
3
5
3
6
3
7
3
8
3
9
3
10
3
11
4
5
4
6
4
7
4
8
4
9
4
10
4
11
5
6
5
7
5
8
5
9
5
10
5
11
6
7
6
8
6
9
6
10
6
11
7
8
7
9
7
10
7
11
8
9
8
10
8
11
9
10
9
11
10
11
12
13
12
14
12
15
12
16
12
17
12
18
12
19
12
20
12
21
12
22
13
14
13
15
13
16
13
17
13
18
13
19
13
20
13
21
13
22
14
15
14
16
14
17
14
18
14
19
14
20
14
21
14
22
15
16
15
17
15
18
15
19
15
20
15
21
15
22
16
17
16
18
16
19
16
20
16
21
16
22
17
18
17
19
17
20
17
21
17
22
18
19
18
20
18
21
18
22
19
20
19
21
19
22
20
21
20
22
21
22
23
24
23
25
23
26
23
27
23
28
23
29
23
30
23
31
23
32
23
33
24
25
24
26
24
27
24
28
24
29
24
30
24
31
24
32
24
33
25
26
25
27
25
28
25
29
25
30
25
31
25
32
25
33
26
27
26
28
26
29
26
30
26
31
26
32
26
33
27
28
27
29
27
30
27
31
27
32
27
33
28
29
28
30
28
31
28
32
28
33
29
30
29
31
29
32
29
33
30
31
30
32
30
33
31
32
31
33
32
33
34
35
34
36
34
37
34
38
34
39
34
40
34
41
34
42
34
43
34
44
35
36
35
37
35
38
35
39
35
40
35
41
35
42
35
43
35
44
36
37
36
38
36
39
36
40
36
41
36
42
36
43
36
44
37
38
37
39
37
40
37
41
37
42
37
43
37
44
38
39
38
40
38
41
38
42
38
43
38
44
39
40
39
41
39
42
39
43
39
44
40
41
40
42
40
43
40
44
41
42
41
43
41
44
42
43
42
44
43
44
45
46
45
47
45
48
45
49
45
50
45
51
45
52
45
53
45
54
45
55
46
47
46
48
46
49
46
50
46
51
46
52
46
53
46
54
46
55
47
48
47
49
47
50
47
51
47
52
47
53
47
54
47
55
48
49
48
50
48
51
48
52
48
53
48
54
48
55
49
50
49
51
49
52
49
53
49
54
49
55
50
51
50
52
50
53
50
54
50
55
51
52
51
53
51
54
51
55
52
53
52
54
52
55
53
54
53
55
54
55
56
57
56
58
56
59
56
60
56
61
56
62
56
63
56
64
56
65
56
66
57
58
57
59
57
60
57
61
57
62
57
63
57
64
57
65
57
66
58
59
58
60
58
61
58
62
58
63
58
64
58
65
58
66
59
60
59
61
59
62
59
63
59
64
59
65
59
66
60
61
60
62
60
63
60
64
60
65
60
66
61
62
61
63
61
64
61
65
61
66
62
63
62
64
62
65
62
66
63
64
63
65
63
66
64
65
64
66
65
66
67
68
67
69
67
70
67
71
67
72
67
73
67
74
67
75
67
76
67
77
68
69
68
70
68
71
68
72
68
73
68
74
68
75
68
76
68
77
69
70
69
71
69
72
69
73
69
74
69
75
69
76
69
77
70
71
70
72
70
73
70
74
70
75
70
76
70
77
71
72
71
73
71
74
71
75
71
76
71
77
72
73
72
74
72
75
72
76
72
77
73
74
73
75
73
76
73
77
74
75
74
76
74
77
75
76
75
77
76
77
78
79
78
80
78
81
78
82
78
83
78
84
78
85
78
86
78
87
78
88
79
80
79
81
79
82
79
83
79
84
79
85
79
86
79
87
79
88
80
81
80
82
80
83
80
84
80
85
80
86
80
87
80
88
81
82
81
83
81
84
81
85
81
86
81
87
81
88
82
83
82
84
82
85
82
86
82
87
82
88
83
84
83
85
83
86
83
87
83
88
84
85
84
86
84
87
84
88
85
86
85
87
85
88
86
87
86
88
87
88
89
90
89
91
89
92
89
93
89
94
89
95
89
96
89
97
89
98
89
99
90
91
90
92
90
93
90
94
90
95
90
96
90
97
90
98
90
99
91
92
91
93
91
94
91
95
91
96
91
97
91
98
91
99
92
93
92
94
92
95
92
96
92
97
92
98
92
99
93
94
93
95
93
96
93
97
93
98
93
99
94
95
94
96
94
97
94
98
94
99
95
96
95
97
95
98
95
99
96
97
96
98
96
99
97
98
97
99
98
99
100
101
100
102
100
103
100
104
100
105
100
106
100
107
100
108
100
109
100
110
101
102
101
103
101
104
101
105
101
106
101
107
101
108
101
109
101
110
102
103
102
104
102
105
102
106
102
107
102
108
102
109
102
110
103
104
103
105
103
106
103
107
103
108
103
109
103
110
104
105
104
106
104
107
104
108
104
109
104
110
105
106
105
107
105
108
105
109
105
110
106
107
106
108
106
109
106
110
107
108
107
109
107
110
108
109
108
110
109
110
111
112
111
113
111
114
111
115
111
116
111
117
111
118
111
119
111
120
111
121
112
113
112
114
112
115
112
116
112
117
112
118
112
119
112
120
112
121
113
114
113
115
113
116
113
117
113
118
113
119
113
120
113
121
114
115
114
116
114
117
114
118
114
119
114
120
114
121
115
116
115
117
115
118
115
119
115
120
115
121
116
117
116
118
116
119
116
120
116
121
117
118
117
119
117
120
117
121
118
119
118
120
118
121
119
120
119
121
120
121
122
123
122
124
122
125
122
126
122
127
122
128
122
129
122
130
122
131
122
132
123
124
123
125
123
126
123
127
123
128
123
129
123
130
123
131
123
132
124
125
124
126
124
127
124
128
124
129
124
130
124
131
124
132
125
126
125
127
125
128
125
129
125
130
125
131
125
132
126
127
126
128
126
129
126
130
126
131
126
132
127
128
127
129
127
130
127
131
127
132
128
129
128
130
128
131
128
132
129
130
129
131
129
132
130
131
130
132
131
132
133
134
133
135
133
136
133
137
133
138
133
139
133
140
133
141
133
142
133
143
134
135
134
136
134
137
134
138
134
139
134
140
134
141
134
142
134
143
135
136
135
137
135
138
135
139
135
140
135
141
135
142
135
143
136
137
136
138
136
139
136
140
136
141
136
142
136
143
137
138
137
139
137
140
137
141
137
142
137
143
138
139
138
140
138
141
138
142
138
143
139
140
139
141
139
142
139
143
140
141
140
142
140
143
141
142
141
143
142
143
144
145
144
146
144
147
144
148
144
149
144
150
144
151
144
152
144
153
144
154
145
146
145
147
145
148
145
149
145
150
145
151
145
152
145
153
145
154
146
147
146
148
146
149
146
150
146
151
146
152
146
153
146
154
147
148
147
149
147
150
147
151
147
152
147
153
147
154
148
149
148
150
148
151
148
152
148
153
148
154
149
150
149
151
149
152
149
153
149
154
150
151
150
152
150
153
150
154
151
152
151
153
151
154
152
153
152
154
153
154
155
156
155
157
155
158
155
159
155
160
155
161
155
162
155
163
155
164
155
165
156
157
156
158
156
159
156
160
156
161
156
162
156
163
156
164
156
165
157
158
157
159
157
160
157
161
157
162
157
163
157
164
157
165
158
159
158
160
158
161
158
162
158
163
158
164
158
165
159
160
159
161
159
162
159
163
159
164
159
165
160
161
160
162
160
163
160
164
160
165
161
162
161
163
161
164
161
165
162
163
162
164
162
165
163
164
163
165
164
165
166
167
166
168
166
169
166
170
166
171
166
172
166
173
166
174
166
175
166
176
167
168
167
169
167
170
167
171
167
172
167
173
167
174
167
175
167
176
168
169
168
170
168
171
168
172
168
173
168
174
168
175
168
176
169
170
169
171
169
172
169
173
169
174
169
175
169
176
170
171
170
172
170
173
170
174
170
175
170
176
171
172
171
173
171
174
171
175
171
176
172
173
172
174
172
175
172
176
173
174
173
175
173
176
174
175
174
176
175
176
177
178
177
179
177
180
177
181
177
182
177
183
177
184
177
185
177
186
177
187
178
179
178
180
178
181
178
182
178
183
178
184
178
185
178
186
178
187
179
180
179
181
179
182
179
183
179
184
179
185
179
186
179
187
180
181
180
182
180
183
180
184
180
185
180
186
180
187
181
182
181
183
181
184
181
185
181
186
181
187
182
183
182
184
182
185
182
186
182
187
183
184
183
185
183
186
183
187
184
185
184
186
184
187
185
186
185
187
186
187
188
189
188
190
188
191
188
192
188
193
188
194
188
195
188
196
188
197
188
198
189
190
189
191
189
192
189
193
189
194
189
195
189
196
189
197
189
198
190
191
190
192
190
193
190
194
190
195
190
196
190
197
190
198
191
192
191
193
191
194
191
195
191
196
191
197
191
198
192
193
192
194
192
195
192
196
192
197
192
198
193
194
193
195
193
196
193
197
193
198
194
195
194
196
194
197
194
198
195
196
195
197
195
198
196
197
196
198
197
198
199
200
199
201
199
202
199
203
199
204
199
205
199
206
199
207
199
208
199
209
200
201
200
202
200
203
200
204
200
205
200
206
200
207
200
208
200
209
201
202
201
203
201
204
201
205
201
206
201
207
201
208
201
209
202
203
202
204
202
205
202
206
202
207
202
208
202
209
203
204
203
205
203
206
203
207
203
208
203
209
204
205
204
206
204
207
204
208
204
209
205
206
205
207
205
208
205
209
206
207
206
208
206
209
207
208
207
209
208
209
210
211
210
212
210
213
210
214
210
215
210
216
210
217
210
218
210
219
210
220
211
212
211
213
211
214
211
215
211
216
211
217
211
218
211
219
211
220
212
213
212
214
212
215
212
216
212
217
212
218
212
219
212
220
213
214
213
215
213
216
213
217
213
218
213
219
213
220
214
215
214
216
214
217
214
218
214
219
214
220
215
216
215
217
215
218
215
219
215
220
216
217
216
218
216
219
216
220
217
218
217
219
217
220
218
219
218
220
219
220
221
222
221
223
221
224
221
225
221
226
221
227
221
228
221
229
221
230
221
231
222
223
222
224
222
225
222
226
222
227
222
228
222
229
222
230
222
231
223
224
223
225
223
226
223
227
223
228
223
229
223
230
223
231
224
225
224
226
224
227
224
228
224
229
224
230
224
231
225
226
225
227
225
228
225
229
225
230
225
231
226
227
226
228
226
229
226
230
226
231
227
228
227
229
227
230
227
231
228
229
228
230
228
231
229
230
229
231
230
231
232
233
232
234
232
235
232
236
232
237
232
238
232
239
232
240
232
241
232
242
233
234
233
235
233
236
233
237
233
238
233
239
233
240
233
241
233
242
234
235
234
236
234
237
234
238
234
239
234
240
234
241
234
242
235
236
235
237
235
238
235
239
235
240
235
241
235
242
236
237
236
238
236
239
236
240
236
241
236
242
237
238
237
239
237
240
237
241
237
242
238
239
238
240
238
241
238
242
239
240
239
241
239
242
240
241
240
242
241
242
243
244
243
245
243
246
243
247
243
248
243
249
243
250
243
251
243
252
243
253
244
245
244
246
244
247
244
248
244
249
244
250
244
251
244
252
244
253
245
246
245
247
245
248
245
249
245
250
245
251
245
252
245
253
246
247
246
248
246
249
246
250
246
251
246
252
246
253
247
248
247
249
247
250
247
251
247
252
247
253
248
249
248
250
248
251
248
252
248
253
249
250
249
251
249
252
249
253
250
251
250
252
250
253
251
252
251
253
252
253
254
255
254
256
254
257
254
258
254
259
254
260
254
261
254
262
254
263
254
264
255
256
255
257
255
258
255
259
255
260
255
261
255
262
255
263
255
264
256
257
256
258
256
259
256
260
256
261
256
262
256
263
256
264
257
258
257
259
257
260
257
261
257
262
257
263
257
264
258
259
258
260
258
261
258
262
258
263
258
264
259
260
259
261
259
262
259
263
259
264
260
261
260
262
260
263
260
264
261
262
261
263
261
264
262
263
262
264
263
264
265
266
265
267
265
268
265
269
265
270
265
271
265
272
265
273
265
274
265
275
266
267
266
268
266
269
266
270
266
271
266
272
266
273
266
274
266
275
267
268
267
269
267
270
267
271
267
272
267
273
267
274
267
275
268
269
268
270
268
271
268
272
268
273
268
274
268
275
269
270
269
271
269
272
269
273
269
274
269
275
270
271
270
272
270
273
270
274
270
275
271
272
271
273
271
274
271
275
272
273
272
274
272
275
273
274
273
275
274
275
276
277
276
278
276
279
276
280
276
281
276
282
276
283
276
284
276
285
276
286
277
278
277
279
277
280
277
281
277
282
277
283
277
284
277
285
277
286
278
279
278
280
278
281
278
282
278
283
278
284
278
285
278
286
279
280
279
281
279
282
279
283
279
284
279
285
279
286
280
281
280
282
280
283
280
284
280
285
280
286
281
282
281
283
281
284
281
285
281
286
282
283
282
284
282
285
282
286
283
284
283
285
283
286
284
285
284
286
285
286
287
288
287
289
287
290
287
291
287
292
287
293
287
294
287
295
287
296
287
297
288
289
288
290
288
291
288
292
288
293
288
294
288
295
288
296
288
297
289
290
289
291
289
292
289
293
289
294
289
295
289
296
289
297
290
291
290
292
290
293
290
294
290
295
290
296
290
297
291
292
291
293
291
294
291
295
291
296
291
297
292
293
292
294
292
295
292
296
292
297
293
294
293
295
293
296
293
297
294
295
294
296
294
297
295
296
295
297
296
297
298
299
298
300
298
301
298
302
298
303
298
304
298
305
298
306
298
307
298
308
299
300
299
301
299
302
299
303
299
304
299
305
299
306
299
307
299
308
300
301
300
302
300
303
300
304
300
305
300
306
300
307
300
308
301
302
301
303
301
304
301
305
301
306
301
307
301
308
302
303
302
304
302
305
302
306
302
307
302
308
303
304
303
305
303
306
303
307
303
308
304
305
304
306
304
307
304
308
305
306
305
307
305
308
306
307
306
308
307
308
309
310
309
311
309
312
309
313
309
314
309
315
309
316
309
317
309
318
309
319
310
311
310
312
310
313
310
314
310
315
310
316
310
317
310
318
310
319
311
312
311
313
311
314
311
315
311
316
311
317
311
318
311
319
312
313
312
314
312
315
312
316
312
317
312
318
312
319
313
314
313
315
313
316
313
317
313
318
313
319
314
315
314
316
314
317
314
318
314
319
315
316
315
317
315
318
315
319
316
317
316
318
316
319
317
318
317
319
318
319
320
321
320
322
320
323
320
324
320
325
320
326
320
327
320
328
320
329
320
330
321
322
321
323
321
324
321
325
321
326
321
327
321
328
321
329
321
330
322
323
322
324
322
325
322
326
322
327
322
328
322
329
322
330
323
324
323
325
323
326
323
327
323
328
323
329
323
330
324
325
324
326
324
327
324
328
324
329
324
330
325
326
325
327
325
328
325
329
325
330
326
327
326
328
326
329
326
330
327
328
327
329
327
330
328
329
328
330
329
330
331
332
331
333
331
334
331
335
331
336
331
337
331
338
331
339
331
340
331
341
332
333
332
334
332
335
332
336
332
337
332
338
332
339
332
340
332
341
333
334
333
335
333
336
333
337
333
338
333
339
333
340
333
341
334
335
334
336
334
337
334
338
334
339
334
340
334
341
335
336
335
337
335
338
335
339
335
340
335
341
336
337
336
338
336
339
336
340
336
341
337
338
337
339
337
340
337
341
338
339
338
340
338
341
339
340
339
341
340
341
342
343
342
344
342
345
342
346
342
347
342
348
342
349
342
350
342
351
342
352
343
344
343
345
343
346
343
347
343
348
343
349
343
350
343
351
343
352
344
345
344
346
344
347
344
348
344
349
344
350
344
351
344
352
345
346
345
347
345
348
345
349
345
350
345
351
345
352
346
347
346
348
346
349
346
350
346
351
346
352
347
348
347
349
347
350
347
351
347
352
348
349
348
350
348
351
348
352
349
350
349
351
349
352
350
351
350
352
351
352
353
354
353
355
353
356
353
357
353
358
353
359
353
360
353
361
353
362
353
363
354
355
354
356
354
357
354
358
354
359
354
360
354
361
354
362
354
363
355
356
355
357
355
358
355
359
355
360
355
361
355
362
355
363
356
357
356
358
356
359
356
360
356
361
356
362
356
363
357
358
357
359
357
360
357
361
357
362
357
363
358
359
358
360
358
361
358
362
358
363
359
360
359
361
359
362
359
363
360
361
360
362
360
363
361
362
361
363
362
363
364
365
364
366
364
367
364
368
364
369
364
370
364
371
364
372
364
373
364
374
365
366
365
367
365
368
365
369
365
370
365
371
365
372
365
373
365
374
366
367
366
368
366
369
366
370
366
371
366
372
366
373
366
374
367
368
367
369
367
370
367
371
367
372
367
373
367
374
368
369
368
370
368
371
368
372
368
373
368
374
369
370
369
371
369
372
369
373
369
374
370
371
370
372
370
373
370
374
371
372
371
373
371
374
372
373
372
374
373
374
375
376
375
377
375
378
375
379
375
380
375
381
375
382
375
383
375
384
375
385
376
377
376
378
376
379
376
380
376
381
376
382
376
383
376
384
376
385
377
378
377
379
377
380
377
381
377
382
377
383
377
384
377
385
378
379
378
380
378
381
378
382
378
383
378
384
378
385
379
380
379
381
379
382
379
383
379
384
379
385
380
381
380
382
380
383
380
384
380
385
381
382
381
383
381
384
381
385
382
383
382
384
382
385
383
384
383
385
384
385
386
387
386
388
386
389
386
390
386
391
386
392
386
393
386
394
386
395
386
396
387
388
387
389
387
390
387
391
387
392
387
393
387
394
387
395
387
396
388
389
388
390
388
391
388
392
388
393
388
394
388
395
388
396
389
390
389
391
389
392
389
393
389
394
389
395
389
396
390
391
390
392
390
393
390
394
390
395
390
396
391
392
391
393
391
394
391
395
391
396
392
393
392
394
392
395
392
396
393
394
393
395
393
396
394
395
394
396
395
396
397
398
397
399
397
400
397
401
397
402
397
403
397
404
397
405
397
406
397
407
398
399
398
400
398
401
398
402
398
403
398
404
398
405
398
406
398
407
399
400
399
401
399
402
399
403
399
404
399
405
399
406
399
407
400
401
400
402
400
403
400
404
400
405
400
406
400
407
401
402
401
403
401
404
401
405
401
406
401
407
402
403
402
404
402
405
402
406
402
407
403
404
403
405
403
406
403
407
404
405
404
406
404
407
405
406
405
407
406
407
408
409
408
410
408
411
408
412
408
413
408
414
408
415
408
416
408
417
408
418
409
410
409
411
409
412
409
413
409
414
409
415
409
416
409
417
409
418
410
411
410
412
410
413
410
414
410
415
410
416
410
417
410
418
411
412
411
413
411
414
411
415
411
416
411
417
411
418
412
413
412
414
412
415
412
416
412
417
412
418
413
414
413
415
413
416
413
417
413
418
414
415
414
416
414
417
414
418
415
416
415
417
415
418
416
417
416
418
417
418
419
420
419
421
419
422
419
423
419
424
419
425
419
426
419
427
419
428
419
429
420
421
420
422
420
423
420
424
420
425
420
426
420
427
420
428
420
429
421
422
421
423
421
424
421
425
421
426
421
427
421
428
421
429
422
423
422
424
422
425
422
426
422
427
422
428
422
429
423
424
423
425
423
426
423
427
423
428
423
429
424
425
424
426
424
427
424
428
424
429
425
426
425
427
425
428
425
429
426
427
426
428
426
429
427
428
427
429
428
429
430
431
430
432
430
433
430
434
430
435
430
436
430
437
430
438
430
439
430
440
431
432
431
433
431
434
431
435
431
436
431
437
431
438
431
439
431
440
432
433
432
434
432
435
432
436
432
437
432
438
432
439
432
440
433
434
433
435
433
436
433
437
433
438
433
439
433
440
434
435
434
436
434
437
434
438
434
439
434
440
435
436
435
437
435
438
435
439
435
440
436
437
436
438
436
439
436
440
437
438
437
439
437
440
438
439
438
440
439
440
441
442
441
443
441
444
441
445
441
446
441
447
441
448
441
449
441
450
441
451
442
443
442
444
442
445
442
446
442
447
442
448
442
449
442
450
442
451
443
444
443
445
443
446
443
447
443
448
443
449
443
450
443
451
444
445
444
446
444
447
444
448
444
449
444
450
444
451
445
446
445
447
445
448
445
449
445
450
445
451
446
447
446
448
446
449
446
450
446
451
447
448
447
449
447
450
447
451
448
449
448
450
448
451
449
450
449
451
450
451
452
453
452
454
452
455
452
456
452
457
452
458
452
459
452
460
452
461
452
462
453
454
453
455
453
456
453
457
453
458
453
459
453
460
453
461
453
462
454
455
454
456
454
457
454
458
454
459
454
460
454
461
454
462
455
456
455
457
455
458
455
459
455
460
455
461
455
462
456
457
456
458
456
459
456
460
456
461
456
462
457
458
457
459
457
460
457
461
457
462
458
459
458
460
458
461
458
462
459
460
459
461
459
462
460
461
460
462
461
462
463
464
463
465
463
466
463
467
463
468
463
469
463
470
463
471
463
472
463
473
464
465
464
466
464
467
464
468
464
469
464
470
464
471
464
472
464
473
465
466
465
467
465
468
465
469
465
470
465
471
465
472
465
473
466
467
466
468
466
469
466
470
466
471
466
472
466
473
467
468
467
469
467
470
467
471
467
472
467
473
468
469
468
470
468
471
468
472
468
473
469
470
469
471
469
472
469
473
470
471
470
472
470
473
471
472
471
473
472
473
474
475
474
476
474
477
474
478
474
479
474
480
474
481
474
482
474
483
474
484
475
476
475
477
475
478
475
479
475
480
475
481
475
482
475
483
475
484
476
477
476
478
476
479
476
480
476
481
476
482
476
483
476
484
477
478
477
479
477
480
477
481
477
482
477
483
477
484
478
479
478
480
478
481
478
482
478
483
478
484
479
480
479
481
479
482
479
483
479
484
480
481
480
482
480
483
480
484
481
482
481
483
481
484
482
483
482
484
483
484
485
486
485
487
485
488
485
489
485
490
485
491
485
492
485
493
485
494
485
495
486
487
486
488
486
489
486
490
486
491
486
492
486
493
486
494
486
495
487
488
487
489
487
490
487
491
487
492
487
493
487
494
487
495
488
489
488
490
488
491
488
492
488
493
488
494
488
495
489
490
489
491
489
492
489
493
489
494
489
495
490
491
490
492
490
493
490
494
490
495
491
492
491
493
491
494
491
495
492
493
492
494
492
495
493
494
493
495
494
495
496
497
496
498
496
499
496
500
496
501
496
502
496
503
496
504
496
505
496
506
497
498
497
499
497
500
497
501
497
502
497
503
497
504
497
505
497
506
498
499
498
500
498
501
498
502
498
503
498
504
498
505
498
506
499
500
499
501
499
502
499
503
499
504
499
505
499
506
500
501
500
502
500
503
500
504
500
505
500
506
501
502
501
503
501
504
501
505
501
506
502
503
502
504
502
505
502
506
503
504
503
505
503
506
504
505
504
506
505
506
507
508
507
509
507
510
507
511
507
512
507
513
507
514
507
515
507
516
507
517
508
509
508
510
508
511
508
512
508
513
508
514
508
515
508
516
508
517
509
510
509
511
509
512
509
513
509
514
509
515
509
516
509
517
510
511
510
512
510
513
510
514
510
515
510
516
510
517
511
512
511
513
511
514
511
515
511
516
511
517
512
513
512
514
512
515
512
516
512
517
513
514
513
515
513
516
513
517
514
515
514
516
514
517
515
516
515
517
516
517
518
519
518
520
518
521
518
522
518
523
518
524
518
525
518
526
518
527
518
528
519
520
519
521
519
522
519
523
519
524
519
525
519
526
519
527
519
528
520
521
520
522
520
523
520
524
520
525
520
526
520
527
520
528
521
522
521
523
521
524
521
525
521
526
521
527
521
528
522
523
522
524
522
525
522
526
522
527
522
528
523
524
523
525
523
526
523
527
523
528
524
525
524
526
524
527
524
528
525
526
525
527
525
528
526
527
526
528
527
528
529
530
529
531
529
532
529
533
529
534
529
535
529
536
529
537
529
538
529
539
530
531
530
532
530
533
530
534
530
535
530
536
530
537
530
538
530
539
531
532
531
533
531
534
531
535
531
536
531
537
531
538
531
539
532
533
532
534
532
535
532
536
532
537
532
538
532
539
533
534
533
535
533
536
533
537
533
538
533
539
534
535
534
536
534
537
534
538
534
539
535
536
535
537
535
538
535
539
536
537
536
538
536
539
537
538
537
539
538
539
540
541
540
542
540
543
540
544
540
545
540
546
540
547
540
548
540
549
540
550
541
542
541
543
541
544
541
545
541
546
541
547
541
548
541
549
541
550
542
543
542
544
542
545
542
546
542
547
542
548
542
549
542
550
543
544
543
545
543
546
543
547
543
548
543
549
543
550
544
545
544
546
544
547
544
548
544
549
544
550
545
546
545
547
545
548
545
549
545
550
546
547
546
548
546
549
546
550
547
548
547
549
547
550
548
549
548
550
549
550
551
552
551
553
551
554
551
555
551
556
551
557
551
558
551
559
551
560
551
561
552
553
552
554
552
555
552
556
552
557
552
558
552
559
552
560
552
561
553
554
553
555
553
556
553
557
553
558
553
559
553
560
553
561
554
555
554
556
554
557
554
558
554
559
554
560
554
561
555
556
555
557
555
558
555
559
555
560
555
561
556
557
556
558
556
559
556
560
556
561
557
558
557
559
557
560
557
561
558
559
558
560
558
561
559
560
559
561
560
561
562
563
562
564
562
565
562
566
562
567
562
568
562
569
562
570
562
571
562
572
563
564
563
565
563
566
563
567
563
568
563
569
563
570
563
571
563
572
564
565
564
566
564
567
564
568
564
569
564
570
564
571
564
572
565
566
565
567
565
568
565
569
565
570
565
571
565
572
566
567
566
568
566
569
566
570
566
571
566
572
567
568
567
569
567
570
567
571
567
572
568
569
568
570
568
571
568
572
569
570
569
571
569
572
570
571
570
572
571
572
573
574
573
575
573
576
573
577
573
578
573
579
573
580
573
581
573
582
573
583
574
575
574
576
574
577
574
578
574
579
574
580
574
581
574
582
574
583
575
576
575
577
575
578
575
579
575
580
575
581
575
582
575
583
576
577
576
578
576
579
576
580
576
581
576
582
576
583
577
578
577
579
577
580
577
581
577
582
577
583
578
579
578
580
578
581
578
582
578
583
579
580
579
581
579
582
579
583
580
581
580
582
580
583
581
582
581
583
582
583
584
585
584
586
584
587
584
588
584
589
584
590
584
591
584
592
584
593
584
594
585
586
585
587
585
588
585
589
585
590
585
591
585
592
585
593
585
594
586
587
586
588
586
589
586
590
586
591
586
592
586
593
586
594
587
588
587
589
587
590
587
591
587
592
587
593
587
594
588
589
588
590
588
591
588
592
588
593
588
594
589
590
589
591
589
592
589
593
589
594
590
591
590
592
590
593
590
594
591
592
591
593
591
594
592
593
592
594
593
594
595
596
595
597
595
598
595
599
595
600
595
601
595
602
595
603
595
604
595
605
596
597
596
598
596
599
596
600
596
601
596
602
596
603
596
604
596
605
597
598
597
599
597
600
597
601
597
602
597
603
597
604
597
605
598
599
598
600
598
601
598
602
598
603
598
604
598
605
599
600
599
601
599
602
599
603
599
604
599
605
600
601
600
602
600
603
600
604
600
605
601
602
601
603
601
604
601
605
602
603
602
604
602
605
603
604
603
605
604
605
606
607
606
608
606
609
606
610
606
611
606
612
606
613
606
614
606
615
606
616
607
608
607
609
607
610
607
611
607
612
607
613
607
614
607
615
607
616
608
609
608
610
608
611
608
612
608
613
608
614
608
615
608
616
609
610
609
611
609
612
609
613
609
614
609
615
609
616
610
611
610
612
610
613
610
614
610
615
610
616
611
612
611
613
611
614
611
615
611
616
612
613
612
614
612
615
612
616
613
614
613
615
613
616
614
615
614
616
615
616
617
618
617
619
617
620
617
621
617
622
617
623
617
624
617
625
617
626
617
627
618
619
618
620
618
621
618
622
618
623
618
624
618
625
618
626
618
627
619
620
619
621
619
622
619
623
619
624
619
625
619
626
619
627
620
621
620
622
620
623
620
624
620
625
620
626
620
627
621
622
621
623
621
624
621
625
621
626
621
627
622
623
622
624
622
625
622
626
622
627
623
624
623
625
623
626
623
627
624
625
624
626
624
627
625
626
625
627
626
627
628
629
628
630
628
631
628
632
628
633
628
634
628
635
628
636
628
637
628
638
629
630
629
631
629
632
629
633
629
634
629
635
629
636
629
637
629
638
630
631
630
632
630
633
630
634
630
635
630
636
630
637
630
638
631
632
631
633
631
634
631
635
631
636
631
637
631
638
632
633
632
634
632
635
632
636
632
637
632
638
633
634
633
635
633
636
633
637
633
638
634
635
634
636
634
637
634
638
635
636
635
637
635
638
636
637
636
638
637
638
639
640
639
641
639
642
639
643
639
644
639
645
639
646
639
647
639
648
639
649
640
641
640
642
640
643
640
644
640
645
640
646
640
647
640
648
640
649
641
642
641
643
641
644
641
645
641
646
641
647
641
648
641
649
642
643
642
644
642
645
642
646
642
647
642
648
642
649
643
644
643
645
643
646
643
647
643
648
643
649
644
645
644
646
644
647
644
648
644
649
645
646
645
647
645
648
645
649
646
647
646
648
646
649
647
648
647
649
648
649
650
651
650
652
650
653
650
654
650
655
650
656
650
657
650
658
650
659
650
660
651
652
651
653
651
654
651
655
651
656
651
657
651
658
651
659
651
660
652
653
652
654
652
655
652
656
652
657
652
658
652
659
652
660
653
654
653
655
653
656
653
657
653
658
653
659
653
660
654
655
654
656
654
657
654
658
654
659
654
660
655
656
655
657
655
658
655
659
655
660
656
657
656
658
656
659
656
660
657
658
657
659
657
660
658
659
658
660
659
660
661
662
661
663
661
664
661
665
661
666
661
667
661
668
661
669
661
670
661
671
662
663
662
664
662
665
662
666
662
667
662
668
662
669
662
670
662
671
663
664
663
665
663
666
663
667
663
668
663
669
663
670
663
671
664
665
664
666
664
667
664
668
664
669
664
670
664
671
665
666
665
667
665
668
665
669
665
670
665
671
666
667
666
668
666
669
666
670
666
671
667
668
667
669
667
670
667
671
668
669
668
670
668
671
669
670
669
671
670
671
672
673
672
674
672
675
672
676
672
677
672
678
672
679
672
680
672
681
672
682
673
674
673
675
673
676
673
677
673
678
673
679
673
680
673
681
673
682
674
675
674
676
674
677
674
678
674
679
674
680
674
681
674
682
675
676
675
677
675
678
675
679
675
680
675
681
675
682
676
677
676
678
676
679
676
680
676
681
676
682
677
678
677
679
677
680
677
681
677
682
678
679
678
680
678
681
678
682
679
680
679
681
679
682
680
681
680
682
681
682
683
684
683
685
683
686
683
687
683
688
683
689
683
690
683
691
683
692
683
693
684
685
684
686
684
687
684
688
684
689
684
690
684
691
684
692
684
693
685
686
685
687
685
688
685
689
685
690
685
691
685
692
685
693
686
687
686
688
686
689
686
690
686
691
686
692
686
693
687
688
687
689
687
690
687
691
687
692
687
693
688
689
688
690
688
691
688
692
688
693
689
690
689
691
689
692
689
693
690
691
690
692
690
693
691
692
691
693
692
693
694
695
694
696
694
697
694
698
694
699
694
700
694
701
694
702
694
703
694
704
695
696
695
697
695
698
695
699
695
700
695
701
695
702
695
703
695
704
696
697
696
698
696
699
696
700
696
701
696
702
696
703
696
704
697
698
697
699
697
700
697
701
697
702
697
703
697
704
698
699
698
700
698
701
698
702
698
703
698
704
699
700
699
701
699
702
699
703
699
704
700
701
700
702
700
703
700
704
701
702
701
703
701
704
702
703
702
704
703
704
705
706
705
707
705
708
705
709
705
710
705
711
705
712
705
713
705
714
705
715
706
707
706
708
706
709
706
710
706
711
706
712
706
713
706
714
706
715
707
708
707
709
707
710
707
711
707
712
707
713
707
714
707
715
708
709
708
710
708
711
708
712
708
713
708
714
708
715
709
710
709
711
709
712
709
713
709
714
709
715
710
711
710
712
710
713
710
714
710
715
711
712
711
713
711
714
711
715
712
713
712
714
712
715
713
714
713
715
714
715
716
717
716
718
716
719
716
720
716
721
716
722
716
723
716
724
716
725
716
726
717
718
717
719
717
720
717
721
717
722
717
723
717
724
717
725
717
726
718
719
718
720
718
721
718
722
718
723
718
724
718
725
718
726
719
720
719
721
719
722
719
723
719
724
719
725
719
726
720
721
720
722
720
723
720
724
720
725
720
726
721
722
721
723
721
724
721
725
721
726
722
723
722
724
722
725
722
726
723
724
723
725
723
726
724
725
724
726
725
726
727
728
727
729
727
730
727
731
727
732
727
733
727
734
727
735
727
736
727
737
728
729
728
730
728
731
728
732
728
733
728
734
728
735
728
736
728
737
729
730
729
731
729
732
729
733
729
734
729
735
729
736
729
737
730
731
730
732
730
733
730
734
730
735
730
736
730
737
731
732
731
733
731
734
731
735
731
736
731
737
732
733
732
734
732
735
732
736
732
737
733
734
733
735
733
736
733
737
734
735
734
736
734
737
735
736
735
737
736
737
738
739
738
740
738
741
738
742
738
743
738
744
738
745
738
746
738
747
738
748
739
740
739
741
739
742
739
743
739
744
739
745
739
746
739
747
739
748
740
741
740
742
740
743
740
744
740
745
740
746
740
747
740
748
741
742
741
743
741
744
741
745
741
746
741
747
741
748
742
743
742
744
742
745
742
746
742
747
742
748
743
744
743
745
743
746
743
747
743
748
744
745
744
746
744
747
744
748
745
746
745
747
745
748
746
747
746
748
747
748
749
750
749
751
749
752
749
753
749
754
749
755
749
756
749
757
749
758
749
759
750
751
750
752
750
753
750
754
750
755
750
756
750
757
750
758
750
759
751
752
751
753
751
754
751
755
751
756
751
757
751
758
751
759
752
753
752
754
752
755
752
756
752
757
752
758
752
759
753
754
753
755
753
756
753
757
753
758
753
759
754
755
754
756
754
757
754
758
754
759
755
756
755
757
755
758
755
759
756
757
756
758
756
759
757
758
757
759
758
759
760
761
760
762
760
763
760
764
760
765
760
766
760
767
760
768
760
769
760
770
761
762
761
763
761
764
761
765
761
766
761
767
761
768
761
769
761
770
762
763
762
764
762
765
762
766
762
767
762
768
762
769
762
770
763
764
763
765
763
766
763
767
763
768
763
769
763
770
764
765
764
766
764
767
764
768
764
769
764
770
765
766
765
767
765
768
765
769
765
770
766
767
766
768
766
769
766
770
767
768
767
769
767
770
768
769
768
770
769
770
771
772
771
773
771
774
771
775
771
776
771
777
771
778
771
779
771
780
771
781
772
773
772
774
772
775
772
776
772
777
772
778
772
779
772
780
772
781
773
774
773
775
773
776
773
777
773
778
773
779
773
780
773
781
774
775
774
776
774
777
774
778
774
779
774
780
774
781
775
776
775
777
775
778
775
779
775
780
775
781
776
777
776
778
776
779
776
780
776
781
777
778
777
779
777
780
777
781
778
779
778
780
778
781
779
780
779
781
780
781
782
783
782
784
782
785
782
786
782
787
782
788
782
789
782
790
782
791
782
792
783
784
783
785
783
786
783
787
783
788
783
789
783
790
783
791
783
792
784
785
784
786
784
787
784
788
784
789
784
790
784
791
784
792
785
786
785
787
785
788
785
789
785
790
785
791
785
792
786
787
786
788
786
789
786
790
786
791
786
792
787
788
787
789
787
790
787
791
787
792
788
789
788
790
788
791
788
792
789
790
789
791
789
792
790
791
790
792
791
792
793
794
793
795
793
796
793
797
793
798
793
799
793
800
793
801
793
802
793
803
794
795
794
796
794
797
794
798
794
799
794
800
794
801
794
802
794
803
795
796
795
797
795
798
795
799
795
800
795
801
795
802
795
803
796
797
796
798
796
799
796
800
796
801
796
802
796
803
797
798
797
799
797
800
797
801
797
802
797
803
798
799
798
800
798
801
798
802
798
803
799
800
799
801
799
802
799
803
800
801
800
802
800
803
801
802
801
803
802
803
804
805
804
806
804
807
804
808
804
809
804
810
804
811
804
812
804
813
804
814
805
806
805
807
805
808
805
809
805
810
805
811
805
812
805
813
805
814
806
807
806
808
806
809
806
810
806
811
806
812
806
813
806
814
807
808
807
809
807
810
807
811
807
812
807
813
807
814
808
809
808
810
808
811
808
812
808
813
808
814
809
810
809
811
809
812
809
813
809
814
810
811
810
812
810
813
810
814
811
812
811
813
811
814
812
813
812
814
813
814
815
816
815
817
815
818
815
819
815
820
815
821
815
822
815
823
815
824
815
825
816
817
816
818
816
819
816
820
816
821
816
822
816
823
816
824
816
825
817
818
817
819
817
820
817
821
817
822
817
823
817
824
817
825
818
819
818
820
818
821
818
822
818
823
818
824
818
825
819
820
819
821
819
822
819
823
819
824
819
825
820
821
820
822
820
823
820
824
820
825
821
822
821
823
821
824
821
825
822
823
822
824
822
825
823
824
823
825
824
825
826
827
826
828
826
829
826
830
826
831
826
832
826
833
826
834
826
835
826
836
827
828
827
829
827
830
827
831
827
832
827
833
827
834
827
835
827
836
828
829
828
830
828
831
828
832
828
833
828
834
828
835
828
836
829
830
829
831
829
832
829
833
829
834
829
835
829
836
830
831
830
832
830
833
830
834
830
835
830
836
831
832
831
833
831
834
831
835
831
836
832
833
832
834
832
835
832
836
833
834
833
835
833
836
834
835
834
836
835
836
837
838
837
839
837
840
837
841
837
842
837
843
837
844
837
845
837
846
837
847
838
839
838
840
838
841
838
842
838
843
838
844
838
845
838
846
838
847
839
840
839
841
839
842
839
843
839
844
839
845
839
846
839
847
840
841
840
842
840
843
840
844
840
845
840
846
840
847
841
842
841
843
841
844
841
845
841
846
841
847
842
843
842
844
842
845
842
846
842
847
843
844
843
845
843
846
843
847
844
845
844
846
844
847
845
846
845
847
846
847
848
849
848
850
848
851
848
852
848
853
848
854
848
855
848
856
848
857
848
858
849
850
849
851
849
852
849
853
849
854
849
855
849
856
849
857
849
858
850
851
850
852
850
853
850
854
850
855
850
856
850
857
850
858
851
852
851
853
851
854
851
855
851
856
851
857
851
858
852
853
852
854
852
855
852
856
852
857
852
858
853
854
853
855
853
856
853
857
853
858
854
855
854
856
854
857
854
858
855
856
855
857
855
858
856
857
856
858
857
858
859
860
859
861
859
862
859
863
859
864
859
865
859
866
859
867
859
868
859
869
860
861
860
862
860
863
860
864
860
865
860
866
860
867
860
868
860
869
861
862
861
863
861
864
861
865
861
866
861
867
861
868
861
869
862
863
862
864
862
865
862
866
862
867
862
868
862
869
863
864
863
865
863
866
863
867
863
868
863
869
864
865
864
866
864
867
864
868
864
869
865
866
865
867
865
868
865
869
866
867
866
868
866
869
867
868
867
869
868
869
870
871
870
872
870
873
870
874
870
875
870
876
870
877
870
878
870
879
870
880
871
872
871
873
871
874
871
875
871
876
871
877
871
878
871
879
871
880
872
873
872
874
872
875
872
876
872
877
872
878
872
879
872
880
873
874
873
875
873
876
873
877
873
878
873
879
873
880
874
875
874
876
874
877
874
878
874
879
874
880
875
876
875
877
875
878
875
879
875
880
876
877
876
878
876
879
876
880
877
878
877
879
877
880
878
879
878
880
879
880
881
882
881
883
881
884
881
885
881
886
881
887
881
888
881
889
881
890
881
891
882
883
882
884
882
885
882
886
882
887
882
888
882
889
882
890
882
891
883
884
883
885
883
886
883
887
883
888
883
889
883
890
883
891
884
885
884
886
884
887
884
888
884
889
884
890
884
891
885
886
885
887
885
888
885
889
885
890
885
891
886
887
886
888
886
889
886
890
886
891
887
888
887
889
887
890
887
891
888
889
888
890
888
891
889
890
889
891
890
891
892
893
892
894
892
895
892
896
892
897
892
898
892
899
892
900
892
901
892
902
893
894
893
895
893
896
893
897
893
898
893
899
893
900
893
901
893
902
894
895
894
896
894
897
894
898
894
899
894
900
894
901
894
902
895
896
895
897
895
898
895
899
895
900
895
901
895
902
896
897
896
898
896
899
896
900
896
901
896
902
897
898
897
899
897
900
897
901
897
902
898
899
898
900
898
901
898
902
899
900
899
901
899
902
900
901
900
902
901
902
903
904
903
905
903
906
903
907
903
908
903
909
903
910
903
911
903
912
903
913
904
905
904
906
904
907
904
908
904
909
904
910
904
911
904
912
904
913
905
906
905
907
905
908
905
909
905
910
905
911
905
912
905
913
906
907
906
908
906
909
906
910
906
911
906
912
906
913
907
908
907
909
907
910
907
911
907
912
907
913
908
909
908
910
908
911
908
912
908
913
909
910
909
911
909
912
909
913
910
911
910
912
910
913
911
912
911
913
912
913
914
915
914
916
914
917
914
918
914
919
914
920
914
921
914
922
914
923
914
924
915
916
915
917
915
918
915
919
915
920
915
921
915
922
915
923
915
924
916
917
916
918
916
919
916
920
916
921
916
922
916
923
916
924
917
918
917
919
917
920
917
921
917
922
917
923
917
924
918
919
918
920
918
921
918
922
918
923
918
924
919
920
919
921
919
922
919
923
919
924
920
921
920
922
920
923
920
924
921
922
921
923
921
924
922
923
922
924
923
924
925
926
925
927
925
928
925
929
925
930
925
931
925
932
925
933
925
934
925
935
926
927
926
928
926
929
926
930
926
931
926
932
926
933
926
934
926
935
927
928
927
929
927
930
927
931
927
932
927
933
927
934
927
935
928
929
928
930
928
931
928
932
928
933
928
934
928
935
929
930
929
931
929
932
929
933
929
934
929
935
930
931
930
932
930
933
930
934
930
935
931
932
931
933
931
934
931
935
932
933
932
934
932
935
933
934
933
935
934
935
936
937
936
938
936
939
936
940
936
941
936
942
936
943
936
944
936
945
936
946
937
938
937
939
937
940
937
941
937
942
937
943
937
944
937
945
937
946
938
939
938
940
938
941
938
942
938
943
938
944
938
945
938
946
939
940
939
941
939
942
939
943
939
944
939
945
939
946
940
941
940
942
940
943
940
944
940
945
940
946
941
942
941
943
941
944
941
945
941
946
942
943
942
944
942
945
942
946
943
944
943
945
943
946
944
945
944
946
945
946
947
948
947
949
947
950
947
951
947
952
947
953
947
954
947
955
947
956
947
957
948
949
948
950
948
951
948
952
948
953
948
954
948
955
948
956
948
957
949
950
949
951
949
952
949
953
949
954
949
955
949
956
949
957
950
951
950
952
950
953
950
954
950
955
950
956
950
957
951
952
951
953
951
954
951
955
951
956
951
957
952
953
952
954
952
955
952
956
952
957
953
954
953
955
953
956
953
957
954
955
954
956
954
957
955
956
955
957
956
957
958
959
958
960
958
961
958
962
958
963
958
964
958
965
958
966
958
967
958
968
959
960
959
961
959
962
959
963
959
964
959
965
959
966
959
967
959
968
960
961
960
962
960
963
960
964
960
965
960
966
960
967
960
968
961
962
961
963
961
964
961
965
961
966
961
967
961
968
962
963
962
964
962
965
962
966
962
967
962
968
963
964
963
965
963
966
963
967
963
968
964
965
964
966
964
967
964
968
965
966
965
967
965
968
966
967
966
968
967
968
969
970
969
971
969
972
969
973
969
974
969
975
969
976
969
977
969
978
969
979
970
971
970
972
970
973
970
974
970
975
970
976
970
977
970
978
970
979
971
972
971
973
971
974
971
975
971
976
971
977
971
978
971
979
972
973
972
974
972
975
972
976
972
977
972
978
972
979
973
974
973
975
973
976
973
977
973
978
973
979
974
975
974
976
974
977
974
978
974
979
975
976
975
977
975
978
975
979
976
977
976
978
976
979
977
978
977
979
978
979
980
981
980
982
980
983
980
984
980
985
980
986
980
987
980
988
980
989
980
990
981
982
981
983
981
984
981
985
981
986
981
987
981
988
981
989
981
990
982
983
982
984
982
985
982
986
982
987
982
988
982
989
982
990
983
984
983
985
983
986
983
987
983
988
983
989
983
990
984
985
984
986
984
987
984
988
984
989
984
990
985
986
985
987
985
988
985
989
985
990
986
987
986
988
986
989
986
990
987
988
987
989
987
990
988
989
988
990
989
990
991
992
991
993
991
994
991
995
991
996
991
997
991
998
991
999
991
1000
991
1001
992
993
992
994
992
995
992
996
992
997
992
998
992
999
992
1000
992
1001
993
994
993
995
993
996
993
997
993
998
993
999
993
1000
993
1001
994
995
994
996
994
997
994
998
994
999
994
1000
994
1001
995
996
995
997
995
998
995
999
995
1000
995
1001
996
997
996
998
996
999
996
1000
996
1001
997
998
997
999
997
1000
997
1001
998
999
998
1000
998
1001
999
1000
999
1001
1000
1001
1002
1003
1002
1004
1002
1005
1002
1006
1002
1007
1002
1008
1002
1009
1002
1010
1002
1011
1002
1012
1003
1004
1003
1005
1003
1006
1003
1007
1003
1008
1003
1009
1003
1010
1003
1011
1003
1012
1004
1005
1004
1006
1004
1007
1004
1008
1004
1009
1004
1010
1004
1011
1004
1012
1005
1006
1005
1007
1005
1008
1005
1009
1005
1010
1005
1011
1005
1012
1006
1007
1006
1008
1006
1009
1006
1010
1006
1011
1006
1012
1007
1008
1007
1009
1007
1010
1007
1011
1007
1012
1008
1009
1008
1010
1008
1011
1008
1012
1009
1010
1009
1011
1009
1012
1010
1011
1010
1012
1011
1012
1013
1014
1013
1015
1013
1016
1013
1017
1013
1018
1013
1019
1013
1020
1013
1021
1013
1022
1013
1023
1014
1015
1014
1016
1014
1017
1014
1018
1014
1019
1014
1020
1014
1021
1014
1022
1014
1023
1015
1016
1015
1017
1015
1018
1015
1019
1015
1020
1015
1021
1015
1022
1015
1023
1016
1017
1016
1018
1016
1019
1016
1020
1016
1021
1016
1022
1016
1023
1017
1018
1017
1019
1017
1020
1017
1021
1017
1022
1017
1023
1018
1019
1018
1020
1018
1021
1018
1022
1018
1023
1019
1020
1019
1021
1019
1022
1019
1023
1020
1021
1020
1022
1020
1023
1021
1022
1021
1023
1022
1023
1024
1025
1024
1026
1024
1027
1024
1028
1024
1029
1024
1030
1024
1031
1024
1032
1024
1033
1024
1034
1025
1026
1025
1027
1025
1028
1025
1029
1025
1030
1025
1031
1025
1032
1025
1033
1025
1034
1026
1027
1026
1028
1026
1029
1026
1030
1026
1031
1026
1032
1026
1033
1026
1034
1027
1028
1027
1029
1027
1030
1027
1031
1027
1032
1027
1033
1027
1034
1028
1029
1028
1030
1028
1031
1028
1032
1028
1033
1028
1034
1029
1030
1029
1031
1029
1032
1029
1033
1029
1034
1030
1031
1030
1032
1030
1033
1030
1034
1031
1032
1031
1033
1031
1034
1032
1033
1032
1034
1033
1034
1035
1036
1035
1037
1035
1038
1035
1039
1035
1040
1035
1041
1035
1042
1035
1043
1035
1044
1035
1045
1036
1037
1036
1038
1036
1039
1036
1040
1036
1041
1036
1042
1036
1043
1036
1044
1036
1045
1037
1038
1037
1039
1037
1040
1037
1041
1037
1042
1037
1043
1037
1044
1037
1045
1038
1039
1038
1040
1038
1041
1038
1042
1038
1043
1038
1044
1038
1045
1039
1040
1039
1041
1039
1042
1039
1043
1039
1044
1039
1045
1040
1041
1040
1042
1040
1043
1040
1044
1040
1045
1041
1042
1041
1043
1041
1044
1041
1045
1042
1043
1042
1044
1042
1045
1043
1044
1043
1045
1044
1045
1046
1047
1046
1048
1046
1049
1046
1050
1046
1051
1046
1052
1046
1053
1046
1054
1046
1055
1046
1056
1047
1048
1047
1049
1047
1050
1047
1051
1047
1052
1047
1053
1047
1054
1047
1055
1047
1056
1048
1049
1048
1050
1048
1051
1048
1052
1048
1053
1048
1054
1048
1055
1048
1056
1049
1050
1049
1051
1049
1052
1049
1053
1049
1054
1049
1055
1049
1056
1050
1051
1050
1052
1050
1053
1050
1054
1050
1055
1050
1056
1051
1052
1051
1053
1051
1054
1051
1055
1051
1056
1052
1053
1052
1054
1052
1055
1052
1056
1053
1054
1053
1055
1053
1056
1054
1055
1054
1056
1055
1056
1057
1058
1057
1059
1057
1060
1057
1061
1057
1062
1057
1063
1057
1064
1057
1065
1057
1066
1057
1067
1058
1059
1058
1060
1058
1061
1058
1062
1058
1063
1058
1064
1058
1065
1058
1066
1058
1067
1059
1060
1059
1061
1059
1062
1059
1063
1059
1064
1059
1065
1059
1066
1059
1067
1060
1061
1060
1062
1060
1063
1060
1064
1060
1065
1060
1066
1060
1067
1061
1062
1061
1063
1061
1064
1061
1065
1061
1066
1061
1067
1062
1063
1062
1064
1062
1065
1062
1066
1062
1067
1063
1064
1063
1065
1063
1066
1063
1067
1064
1065
1064
1066
1064
1067
1065
1066
1065
1067
1066
1067
1068
1069
1068
1070
1068
1071
1068
1072
1068
1073
1068
1074
1068
1075
1068
1076
1068
1077
1068
1078
1069
1070
1069
1071
1069
1072
1069
1073
1069
1074
1069
1075
1069
1076
1069
1077
1069
1078
1070
1071
1070
1072
1070
1073
1070
1074
1070
1075
1070
1076
1070
1077
1070
1078
1071
1072
1071
1073
1071
1074
1071
1075
1071
1076
1071
1077
1071
1078
1072
1073
1072
1074
1072
1075
1072
1076
1072
1077
1072
1078
1073
1074
1073
1075
1073
1076
1073
1077
1073
1078
1074
1075
1074
1076
1074
1077
1074
1078
1075
1076
1075
1077
1075
1078
1076
1077
1076
1078
1077
1078
1079
1080
1079
1081
1079
1082
1079
1083
1079
1084
1079
1085
1079
1086
1079
1087
1079
1088
1079
1089
1080
1081
1080
1082
1080
1083
1080
1084
1080
1085
1080
1086
1080
1087
1080
1088
1080
1089
1081
1082
1081
1083
1081
1084
1081
1085
1081
1086
1081
1087
1081
1088
1081
1089
1082
1083
1082
1084
1082
1085
1082
1086
1082
1087
1082
1088
1082
1089
1083
1084
1083
1085
1083
1086
1083
1087
1083
1088
1083
1089
1084
1085
1084
1086
1084
1087
1084
1088
1084
1089
1085
1086
1085
1087
1085
1088
1085
1089
1086
1087
1086
1088
1086
1089
1087
1088
1087
1089
1088
1089
1090
1091
1090
1092
1090
1093
1090
1094
1090
1095
1090
1096
1090
1097
1090
1098
1090
1099
1090
1100
1091
1092
1091
1093
1091
1094
1091
1095
1091
1096
1091
1097
1091
1098
1091
1099
1091
1100
1092
1093
1092
1094
1092
1095
1092
1096
1092
1097
1092
1098
1092
1099
1092
1100
1093
1094
1093
1095
1093
1096
1093
1097
1093
1098
1093
1099
1093
1100
1094
1095
1094
1096
1094
1097
1094
1098
1094
1099
1094
1100
1095
1096
1095
1097
1095
1098
1095
1099
1095
1100
1096
1097
1096
1098
1096
1099
1096
1100
1097
1098
1097
1099
1097
1100
1098
1099
1098
1100
1099
1100
1101
1102
1101
1103
1101
1104
1101
1105
1101
1106
1101
1107
1101
1108
1101
1109
1101
1110
1101
1111
1102
1103
1102
1104
1102
1105
1102
1106
1102
1107
1102
1108
1102
1109
1102
1110
1102
1111
1103
1104
1103
1105
1103
1106
1103
1107
1103
1108
1103
1109
1103
1110
1103
1111
1104
1105
1104
1106
1104
1107
1104
1108
1104
1109
1104
1110
1104
1111
1105
1106
1105
1107
1105
1108
1105
1109
1105
1110
1105
1111
1106
1107
1106
1108
1106
1109
1106
1110
1106
1111
1107
1108
1107
1109
1107
1110
1107
1111
1108
1109
1108
1110
1108
1111
1109
1110
1109
1111
1110
1111
1112
1113
1112
1114
1112
1115
1112
1116
1112
1117
1112
1118
1112
1119
1112
1120
1112
1121
1112
1122
1113
1114
1113
1115
1113
1116
1113
1117
1113
1118
1113
1119
1113
1120
1113
1121
1113
1122
1114
1115
1114
1116
1114
1117
1114
1118
1114
1119
1114
1120
1114
1121
1114
1122
1115
1116
1115
1117
1115
1118
1115
1119
1115
1120
1115
1121
1115
1122
1116
1117
1116
1118
1116
1119
1116
1120
1116
1121
1116
1122
1117
1118
1117
1119
1117
1120
1117
1121
1117
1122
1118
1119
1118
1120
1118
1121
1118
1122
1119
1120
1119
1121
1119
1122
1120
1121
1120
1122
1121
1122
1123
1124
1123
1125
1123
1126
1123
1127
1123
1128
1123
1129
1123
1130
1123
1131
1123
1132
1123
1133
1124
1125
1124
1126
1124
1127
1124
1128
1124
1129
1124
1130
1124
1131
1124
1132
1124
1133
1125
1126
1125
1127
1125
1128
1125
1129
1125
1130
1125
1131
1125
1132
1125
1133
1126
1127
1126
1128
1126
1129
1126
1130
1126
1131
1126
1132
1126
1133
1127
1128
1127
1129
1127
1130
1127
1131
1127
1132
1127
1133
1128
1129
1128
1130
1128
1131
1128
1132
1128
1133
1129
1130
1129
1131
1129
1132
1129
1133
1130
1131
1130
1132
1130
1133
1131
1132
1131
1133
1132
1133
1134
1135
1134
1136
1134
1137
1134
1138
1134
1139
1134
1140
1134
1141
1134
1142
1134
1143
1134
1144
1135
1136
1135
1137
1135
1138
1135
1139
1135
1140
1135
1141
1135
1142
1135
1143
1135
1144
1136
1137
1136
1138
1136
1139
1136
1140
1136
1141
1136
1142
1136
1143
1136
1144
1137
1138
1137
1139
1137
1140
1137
1141
1137
1142
1137
1143
1137
1144
1138
1139
1138
1140
1138
1141
1138
1142
1138
1143
1138
1144
1139
1140
1139
1141
1139
1142
1139
1143
1139
1144
1140
1141
1140
1142
1140
1143
1140
1144
1141
1142
1141
1143
1141
1144
1142
1143
1142
1144
1143
1144
1145
1146
1145
1147
1145
1148
1145
1149
1145
1150
1145
1151
1145
1152
1145
1153
1145
1154
1145
1155
1146
1147
1146
1148
1146
1149
1146
1150
1146
1151
1146
1152
1146
1153
1146
1154
1146
1155
1147
1148
1147
1149
1147
1150
1147
1151
1147
1152
1147
1153
1147
1154
1147
1155
1148
1149
1148
1150
1148
1151
1148
1152
1148
1153
1148
1154
1148
1155
1149
1150
1149
1151
1149
1152
1149
1153
1149
1154
1149
1155
1150
1151
1150
1152
1150
1153
1150
1154
1150
1155
1151
1152
1151
1153
1151
1154
1151
1155
1152
1153
1152
1154
1152
1155
1153
1154
1153
1155
1154
1155
1156
1157
1156
1158
1156
1159
1156
1160
1156
1161
1156
1162
1156
1163
1156
1164
1156
1165
1156
1166
1157
1158
1157
1159
1157
1160
1157
1161
1157
1162
1157
1163
1157
1164
1157
1165
1157
1166
1158
1159
1158
1160
1158
1161
1158
1162
1158
1163
1158
1164
1158
1165
1158
1166
1159
1160
1159
1161
1159
1162
1159
1163
1159
1164
1159
1165
1159
1166
1160
1161
1160
1162
1160
1163
1160
1164
1160
1165
1160
1166
1161
1162
1161
1163
1161
1164
1161
1165
1161
1166
1162
1163
1162
1164
1162
1165
1162
1166
1163
1164
1163
1165
1163
1166
1164
1165
1164
1166
1165
1166
1167
1168
1167
1169
1167
1170
1167
1171
1167
1172
1167
1173
1167
1174
1167
1175
1167
1176
1167
1177
1168
1169
1168
1170
1168
1171
1168
1172
1168
1173
1168
1174
1168
1175
1168
1176
1168
1177
1169
1170
1169
1171
1169
1172
1169
1173
1169
1174
1169
1175
1169
1176
1169
1177
1170
1171
1170
1172
1170
1173
1170
1174
1170
1175
1170
1176
1170
1177
1171
1172
1171
1173
1171
1174
1171
1175
1171
1176
1171
1177
1172
1173
1172
1174
1172
1175
1172
1176
1172
1177
1173
1174
1173
1175
1173
1176
1173
1177
1174
1175
1174
1176
1174
1177
1175
1176
1175
1177
1176
1177
1178
1179
1178
1180
1178
1181
1178
1182
1178
1183
1178
1184
1178
1185
1178
1186
1178
1187
1178
1188
1179
1180
1179
1181
1179
1182
1179
1183
1179
1184
1179
1185
1179
1186
1179
1187
1179
1188
1180
1181
1180
1182
1180
1183
1180
1184
1180
1185
1180
1186
1180
1187
1180
1188
1181
1182
1181
1183
1181
1184
1181
1185
1181
1186
1181
1187
1181
1188
1182
1183
1182
1184
1182
1185
1182
1186
1182
1187
1182
1188
1183
1184
1183
1185
1183
1186
1183
1187
1183
1188
1184
1185
1184
1186
1184
1187
1184
1188
1185
1186
1185
1187
1185
1188
1186
1187
1186
1188
1187
1188
1189
1190
1189
1191
1189
1192
1189
1193
1189
1194
1189
1195
1189
1196
1189
1197
1189
1198
1189
1199
1190
1191
1190
1192
1190
1193
1190
1194
1190
1195
1190
1196
1190
1197
1190
1198
1190
1199
1191
1192
1191
1193
1191
1194
1191
1195
1191
1196
1191
1197
1191
1198
1191
1199
1192
1193
1192
1194
1192
1195
1192
1196
1192
1197
1192
1198
1192
1199
1193
1194
1193
1195
1193
1196
1193
1197
1193
1198
1193
1199
1194
1195
1194
1196
1194
1197
1194
1198
1194
1199
1195
1196
1195
1197
1195
1198
1195
1199
1196
1197
1196
1198
1196
1199
1197
1198
1197
1199
1198
1199
1200
1201
1200
1202
1200
1203
1200
1204
1200
1205
1200
1206
1200
1207
1200
1208
1200
1209
1200
1210
1201
1202
1201
1203
1201
1204
1201
1205
1201
1206
1201
1207
1201
1208
1201
1209
1201
1210
1202
1203
1202
1204
1202
1205
1202
1206
1202
1207
1202
1208
1202
1209
1202
1210
1203
1204
1203
1205
1203
1206
1203
1207
1203
1208
1203
1209
1203
1210
1204
1205
1204
1206
1204
1207
1204
1208
1204
1209
1204
1210
1205
1206
1205
1207
1205
1208
1205
1209
1205
1210
1206
1207
1206
1208
1206
1209
1206
1210
1207
1208
1207
1209
1207
1210
1208
1209
1208
1210
1209
1210
1211
1212
1211
1213
1211
1214
1211
1215
1211
1216
1211
1217
1211
1218
1211
1219
1211
1220
1211
1221
1212
1213
1212
1214
1212
1215
1212
1216
1212
1217
1212
1218
1212
1219
1212
1220
1212
1221
1213
1214
1213
1215
1213
1216
1213
1217
1213
1218
1213
1219
1213
1220
1213
1221
1214
1215
1214
1216
1214
1217
1214
1218
1214
1219
1214
1220
1214
1221
1215
1216
1215
1217
1215
1218
1215
1219
1215
1220
1215
1221
1216
1217
1216
1218
1216
1219
1216
1220
1216
1221
1217
1218
1217
1219
1217
1220
1217
1221
1218
1219
1218
1220
1218
1221
1219
1220
1219
1221
1220
1221
1222
1223
1222
1224
1222
1225
1222
1226
1222
1227
1222
1228
1222
1229
1222
1230
1222
1231
1222
1232
1223
1224
1223
1225
1223
1226
1223
1227
1223
1228
1223
1229
1223
1230
1223
1231
1223
1232
1224
1225
1224
1226
1224
1227
1224
1228
1224
1229
1224
1230
1224
1231
1224
1232
1225
1226
1225
1227
1225
1228
1225
1229
1225
1230
1225
1231
1225
1232
1226
1227
1226
1228
1226
1229
1226
1230
1226
1231
1226
1232
1227
1228
1227
1229
1227
1230
1227
1231
1227
1232
1228
1229
1228
1230
1228
1231
1228
1232
1229
1230
1229
1231
1229
1232
1230
1231
1230
1232
1231
1232
1233
1234
1233
1235
1233
1236
1233
1237
1233
1238
1233
1239
1233
1240
1233
1241
1233
1242
1233
1243
1234
1235
1234
1236
1234
1237
1234
1238
1234
1239
1234
1240
1234
1241
1234
1242
1234
1243
1235
1236
1235
1237
1235
1238
1235
1239
1235
1240
1235
1241
1235
1242
1235
1243
1236
1237
1236
1238
1236
1239
1236
1240
1236
1241
1236
1242
1236
1243
1237
1238
1237
1239
1237
1240
1237
1241
1237
1242
1237
1243
1238
1239
1238
1240
1238
1241
1238
1242
1238
1243
1239
1240
1239
1241
1239
1242
1239
1243
1240
1241
1240
1242
1240
1243
1241
1242
1241
1243
1242
1243
1244
1245
1244
1246
1244
1247
1244
1248
1244
1249
1244
1250
1244
1251
1244
1252
1244
1253
1244
1254
1245
1246
1245
1247
1245
1248
1245
1249
1245
1250
1245
1251
1245
1252
1245
1253
1245
1254
1246
1247
1246
1248
1246
1249
1246
1250
1246
1251
1246
1252
1246
1253
1246
1254
1247
1248
1247
1249
1247
1250
1247
1251
1247
1252
1247
1253
1247
1254
1248
1249
1248
1250
1248
1251
1248
1252
1248
1253
1248
1254
1249
1250
1249
1251
1249
1252
1249
1253
1249
1254
1250
1251
1250
1252
1250
1253
1250
1254
1251
1252
1251
1253
1251
1254
1252
1253
1252
1254
1253
1254
1255
1256
1255
1257
1255
1258
1255
1259
1255
1260
1255
1261
1255
1262
1255
1263
1255
1264
1255
1265
1256
1257
1256
1258
1256
1259
1256
1260
1256
1261
1256
1262
1256
1263
1256
1264
1256
1265
1257
1258
1257
1259
1257
1260
1257
1261
1257
1262
1257
1263
1257
1264
1257
1265
1258
1259
1258
1260
1258
1261
1258
1262
1258
1263
1258
1264
1258
1265
1259
1260
1259
1261
1259
1262
1259
1263
1259
1264
1259
1265
1260
1261
1260
1262
1260
1263
1260
1264
1260
1265
1261
1262
1261
1263
1261
1264
1261
1265
1262
1263
1262
1264
1262
1265
1263
1264
1263
1265
1264
1265
1266
1267
1266
1268
1266
1269
1266
1270
1266
1271
1266
1272
1266
1273
1266
1274
1266
1275
1266
1276
1267
1268
1267
1269
1267
1270
1267
1271
1267
1272
1267
1273
1267
1274
1267
1275
1267
1276
1268
1269
1268
1270
1268
1271
1268
1272
1268
1273
1268
1274
1268
1275
1268
1276
1269
1270
1269
1271
1269
1272
1269
1273
1269
1274
1269
1275
1269
1276
1270
1271
1270
1272
1270
1273
1270
1274
1270
1275
1270
1276
1271
1272
1271
1273
1271
1274
1271
1275
1271
1276
1272
1273
1272
1274
1272
1275
1272
1276
1273
1274
1273
1275
1273
1276
1274
1275
1274
1276
1275
1276
1277
1278
1277
1279
1277
1280
1277
1281
1277
1282
1277
1283
1277
1284
1277
1285
1277
1286
1277
1287
1278
1279
1278
1280
1278
1281
1278
1282
1278
1283
1278
1284
1278
1285
1278
1286
1278
1287
1279
1280
1279
1281
1279
1282
1279
1283
1279
1284
1279
1285
1279
1286
1279
1287
1280
1281
1280
1282
1280
1283
1280
1284
1280
1285
1280
1286
1280
1287
1281
1282
1281
1283
1281
1284
1281
1285
1281
1286
1281
1287
1282
1283
1282
1284
1282
1285
1282
1286
1282
1287
1283
1284
1283
1285
1283
1286
1283
1287
1284
1285
1284
1286
1284
1287
1285
1286
1285
1287
1286
1287
1288
1289
1288
1290
1288
1291
1288
1292
1288
1293
1288
1294
1288
1295
1288
1296
1288
1297
1288
1298
1289
1290
1289
1291
1289
1292
1289
1293
1289
1294
1289
1295
1289
1296
1289
1297
1289
1298
1290
1291
1290
1292
1290
1293
1290
1294
1290
1295
1290
1296
1290
1297
1290
1298
1291
1292
1291
1293
1291
1294
1291
1295
1291
1296
1291
1297
1291
1298
1292
1293
1292
1294
1292
1295
1292
1296
1292
1297
1292
1298
1293
1294
1293
1295
1293
1296
1293
1297
1293
1298
1294
1295
1294
1296
1294
1297
1294
1298
1295
1296
1295
1297
1295
1298
1296
1297
1296
1298
1297
1298
1299
1300
1299
1301
1299
1302
1299
1303
1299
1304
1299
1305
1299
1306
1299
1307
1299
1308
1299
1309
1300
1301
1300
1302
1300
1303
1300
1304
1300
1305
1300
1306
1300
1307
1300
1308
1300
1309
1301
1302
1301
1303
1301
1304
1301
1305
1301
1306
1301
1307
1301
1308
1301
1309
1302
1303
1302
1304
1302
1305
1302
1306
1302
1307
1302
1308
1302
1309
1303
1304
1303
1305
1303
1306
1303
1307
1303
1308
1303
1309
1304
1305
1304
1306
1304
1307
1304
1308
1304
1309
1305
1306
1305
1307
1305
1308
1305
1309
1306
1307
1306
1308
1306
1309
1307
1308
1307
1309
1308
1309
1310
1311
1310
1312
1310
1313
1310
1314
1310
1315
1310
1316
1310
1317
1310
1318
1310
1319
1310
1320
1311
1312
1311
1313
1311
1314
1311
1315
1311
1316
1311
1317
1311
1318
1311
1319
1311
1320
1312
1313
1312
1314
1312
1315
1312
1316
1312
1317
1312
1318
1312
1319
1312
1320
1313
1314
1313
1315
1313
1316
1313
1317
1313
1318
1313
1319
1313
1320
1314
1315
1314
1316
1314
1317
1314
1318
1314
1319
1314
1320
1315
1316
1315
1317
1315
1318
1315
1319
1315
1320
1316
1317
1316
1318
1316
1319
1316
1320
1317
1318
1317
1319
1317
1320
1318
1319
1318
1320
1319
1320
1321
1322
1321
1323
1321
1324
1321
1325
1321
1326
1321
1327
1321
1328
1321
1329
1321
1330
1321
1331
1322
1323
1322
1324
1322
1325
1322
1326
1322
1327
1322
1328
1322
1329
1322
1330
1322
1331
1323
1324
1323
1325
1323
1326
1323
1327
1323
1328
1323
1329
1323
1330
1323
1331
1324
1325
1324
1326
1324
1327
1324
1328
1324
1329
1324
1330
1324
1331
1325
1326
1325
1327
1325
1328
1325
1329
1325
1330
1325
1331
1326
1327
1326
1328
1326
1329
1326
1330
1326
1331
1327
1328
1327
1329
1327
1330
1327
1331
1328
1329
1328
1330
1328
1331
1329
1330
1329
1331
1330
1331
1332
1333
1332
1334
1332
1335
1332
1336
1332
1337
1332
1338
1332
1339
1332
1340
1332
1341
1332
1342
1333
1334
1333
1335
1333
1336
1333
1337
1333
1338
1333
1339
1333
1340
1333
1341
1333
1342
1334
1335
1334
1336
1334
1337
1334
1338
1334
1339
1334
1340
1334
1341
1334
1342
1335
1336
1335
1337
1335
1338
1335
1339
1335
1340
1335
1341
1335
1342
1336
1337
1336
1338
1336
1339
1336
1340
1336
1341
1336
1342
1337
1338
1337
1339
1337
1340
1337
1341
1337
1342
1338
1339
1338
1340
1338
1341
1338
1342
1339
1340
1339
1341
1339
1342
1340
1341
1340
1342
1341
1342
1343
1344
1343
1345
1343
1346
1343
1347
1343
1348
1343
1349
1343
1350
1343
1351
1343
1352
1343
1353
1344
1345
1344
1346
1344
1347
1344
1348
1344
1349
1344
1350
1344
1351
1344
1352
1344
1353
1345
1346
1345
1347
1345
1348
1345
1349
1345
1350
1345
1351
1345
1352
1345
1353
1346
1347
1346
1348
1346
1349
1346
1350
1346
1351
1346
1352
1346
1353
1347
1348
1347
1349
1347
1350
1347
1351
1347
1352
1347
1353
1348
1349
1348
1350
1348
1351
1348
1352
1348
1353
1349
1350
1349
1351
1349
1352
1349
1353
1350
1351
1350
1352
1350
1353
1351
1352
1351
1353
1352
1353
1354
1355
1354
1356
1354
1357
1354
1358
1354
1359
1354
1360
1354
1361
1354
1362
1354
1363
1354
1364
1355
1356
1355
1357
1355
1358
1355
1359
1355
1360
1355
1361
1355
1362
1355
1363
1355
1364
1356
1357
1356
1358
1356
1359
1356
1360
1356
1361
1356
1362
1356
1363
1356
1364
1357
1358
1357
1359
1357
1360
1357
1361
1357
1362
1357
1363
1357
1364
1358
1359
1358
1360
1358
1361
1358
1362
1358
1363
1358
1364
1359
1360
1359
1361
1359
1362
1359
1363
1359
1364
1360
1361
1360
1362
1360
1363
1360
1364
1361
1362
1361
1363
1361
1364
1362
1363
1362
1364
1363
1364
1365
1366
1365
1367
1365
1368
1365
1369
1365
1370
1365
1371
1365
1372
1365
1373
1365
1374
1365
1375
1366
1367
1366
1368
1366
1369
1366
1370
1366
1371
1366
1372
1366
1373
1366
1374
1366
1375
1367
1368
1367
1369
1367
1370
1367
1371
1367
1372
1367
1373
1367
1374
1367
1375
1368
1369
1368
1370
1368
1371
1368
1372
1368
1373
1368
1374
1368
1375
1369
1370
1369
1371
1369
1372
1369
1373
1369
1374
1369
1375
1370
1371
1370
1372
1370
1373
1370
1374
1370
1375
1371
1372
1371
1373
1371
1374
1371
1375
1372
1373
1372
1374
1372
1375
1373
1374
1373
1375
1374
1375
1376
1377
1376
1378
1376
1379
1376
1380
1376
1381
1376
1382
1376
1383
1376
1384
1376
1385
1376
1386
1377
1378
1377
1379
1377
1380
1377
1381
1377
1382
1377
1383
1377
1384
1377
1385
1377
1386
1378
1379
1378
1380
1378
1381
1378
1382
1378
1383
1378
1384
1378
1385
1378
1386
1379
1380
1379
1381
1379
1382
1379
1383
1379
1384
1379
1385
1379
1386
1380
1381
1380
1382
1380
1383
1380
1384
1380
1385
1380
1386
1381
1382
1381
1383
1381
1384
1381
1385
1381
1386
1382
1383
1382
1384
1382
1385
1382
1386
1383
1384
1383
1385
1383
1386
1384
1385
1384
1386
1385
1386
1387
1388
1387
1389
1387
1390
1387
1391
1387
1392
1387
1393
1387
1394
1387
1395
1387
1396
1387
1397
1388
1389
1388
1390
1388
1391
1388
1392
1388
1393
1388
1394
1388
1395
1388
1396
1388
1397
1389
1390
1389
1391
1389
1392
1389
1393
1389
1394
1389
1395
1389
1396
1389
1397
1390
1391
1390
1392
1390
1393
1390
1394
1390
1395
1390
1396
1390
1397
1391
1392
1391
1393
1391
1394
1391
1395
1391
1396
1391
1397
1392
1393
1392
1394
1392
1395
1392
1396
1392
1397
1393
1394
1393
1395
1393
1396
1393
1397
1394
1395
1394
1396
1394
1397
1395
1396
1395
1397
1396
1397
1398
1399
1398
1400
1398
1401
1398
1402
1398
1403
1398
1404
1398
1405
1398
1406
1398
1407
1398
1408
1399
1400
1399
1401
1399
1402
1399
1403
1399
1404
1399
1405
1399
1406
1399
1407
1399
1408
1400
1401
1400
1402
1400
1403
1400
1404
1400
1405
1400
1406
1400
1407
1400
1408
1401
1402
1401
1403
1401
1404
1401
1405
1401
1406
1401
1407
1401
1408
1402
1403
1402
1404
1402
1405
1402
1406
1402
1407
1402
1408
1403
1404
1403
1405
1403
1406
1403
1407
1403
1408
1404
1405
1404
1406
1404
1407
1404
1408
1405
1406
1405
1407
1405
1408
1406
1407
1406
1408
1407
1408
1409
1410
1409
1411
1409
1412
1409
1413
1409
1414
1409
1415
1409
1416
1409
1417
1409
1418
1409
1419
1410
1411
1410
1412
1410
1413
1410
1414
1410
1415
1410
1416
1410
1417
1410
1418
1410
1419
1411
1412
1411
1413
1411
1414
1411
1415
1411
1416
1411
1417
1411
1418
1411
1419
1412
1413
1412
1414
1412
1415
1412
1416
1412
1417
1412
1418
1412
1419
1413
1414
1413
1415
1413
1416
1413
1417
1413
1418
1413
1419
1414
1415
1414
1416
1414
1417
1414
1418
1414
1419
1415
1416
1415
1417
1415
1418
1415
1419
1416
1417
1416
1418
1416
1419
1417
1418
1417
1419
1418
1419
1420
1421
1420
1422
1420
1423
1420
1424
1420
1425
1420
1426
1420
1427
1420
1428
1420
1429
1420
1430
1421
1422
1421
1423
1421
1424
1421
1425
1421
1426
1421
1427
1421
1428
1421
1429
1421
1430
1422
1423
1422
1424
1422
1425
1422
1426
1422
1427
1422
1428
1422
1429
1422
1430
1423
1424
1423
1425
1423
1426
1423
1427
1423
1428
1423
1429
1423
1430
1424
1425
1424
1426
1424
1427
1424
1428
1424
1429
1424
1430
1425
1426
1425
1427
1425
1428
1425
1429
1425
1430
1426
1427
1426
1428
1426
1429
1426
1430
1427
1428
1427
1429
1427
1430
1428
1429
1428
1430
1429
1430
1431
1432
1431
1433
1431
1434
1431
1435
1431
1436
1431
1437
1431
1438
1431
1439
1431
1440
1431
1441
1432
1433
1432
1434
1432
1435
1432
1436
1432
1437
1432
1438
1432
1439
1432
1440
1432
1441
1433
1434
1433
1435
1433
1436
1433
1437
1433
1438
1433
1439
1433
1440
1433
1441
1434
1435
1434
1436
1434
1437
1434
1438
1434
1439
1434
1440
1434
1441
1435
1436
1435
1437
1435
1438
1435
1439
1435
1440
1435
1441
1436
1437
1436
1438
1436
1439
1436
1440
1436
1441
1437
1438
1437
1439
1437
1440
1437
1441
1438
1439
1438
1440
1438
1441
1439
1440
1439
1441
1440
1441
1442
1443
1442
1444
1442
1445
1442
1446
1442
1447
1442
1448
1442
1449
1442
1450
1442
1451
1442
1452
1443
1444
1443
1445
1443
1446
1443
1447
1443
1448
1443
1449
1443
1450
1443
1451
1443
1452
1444
1445
1444
1446
1444
1447
1444
1448
1444
1449
1444
1450
1444
1451
1444
1452
1445
1446
1445
1447
1445
1448
1445
1449
1445
1450
1445
1451
1445
1452
1446
1447
1446
1448
1446
1449
1446
1450
1446
1451
1446
1452
1447
1448
1447
1449
1447
1450
1447
1451
1447
1452
1448
1449
1448
1450
1448
1451
1448
1452
1449
1450
1449
1451
1449
1452
1450
1451
1450
1452
1451
1452
1453
1454
1453
1455
1453
1456
1453
1457
1453
1458
1453
1459
1453
1460
1453
1461
1453
1462
1453
1463
1454
1455
1454
1456
1454
1457
1454
1458
1454
1459
1454
1460
1454
1461
1454
1462
1454
1463
1455
1456
1455
1457
1455
1458
1455
1459
1455
1460
1455
1461
1455
1462
1455
1463
1456
1457
1456
1458
1456
1459
1456
1460
1456
1461
1456
1462
1456
1463
1457
1458
1457
1459
1457
1460
1457
1461
1457
1462
1457
1463
1458
1459
1458
1460
1458
1461
1458
1462
1458
1463
1459
1460
1459
1461
1459
1462
1459
1463
1460
1461
1460
1462
1460
1463
1461
1462
1461
1463
1462
1463
1464
1465
1464
1466
1464
1467
1464
1468
1464
1469
1464
1470
1464
1471
1464
1472
1464
1473
1464
1474
1465
1466
1465
1467
1465
1468
1465
1469
1465
1470
1465
1471
1465
1472
1465
1473
1465
1474
1466
1467
1466
1468
1466
1469
1466
1470
1466
1471
1466
1472
1466
1473
1466
1474
1467
1468
1467
1469
1467
1470
1467
1471
1467
1472
1467
1473
1467
1474
1468
1469
1468
1470
1468
1471
1468
1472
1468
1473
1468
1474
1469
1470
1469
1471
1469
1472
1469
1473
1469
1474
1470
1471
1470
1472
1470
1473
1470
1474
1471
1472
1471
1473
1471
1474
1472
1473
1472
1474
1473
1474
1475
1476
1475
1477
1475
1478
1475
1479
1475
1480
1475
1481
1475
1482
1475
1483
1475
1484
1475
1485
1476
1477
1476
1478
1476
1479
1476
1480
1476
1481
1476
1482
1476
1483
1476
1484
1476
1485
1477
1478
1477
1479
1477
1480
1477
1481
1477
1482
1477
1483
1477
1484
1477
1485
1478
1479
1478
1480
1478
1481
1478
1482
1478
1483
1478
1484
1478
1485
1479
1480
1479
1481
1479
1482
1479
1483
1479
1484
1479
1485
1480
1481
1480
1482
1480
1483
1480
1484
1480
1485
1481
1482
1481
1483
1481
1484
1481
1485
1482
1483
1482
1484
1482
1485
1483
1484
1483
1485
1484
1485
1486
1487
1486
1488
1486
1489
1486
1490
1486
1491
1486
1492
1486
1493
1486
1494
1486
1495
1486
1496
1487
1488
1487
1489
1487
1490
1487
1491
1487
1492
1487
1493
1487
1494
1487
1495
1487
1496
1488
1489
1488
1490
1488
1491
1488
1492
1488
1493
1488
1494
1488
1495
1488
1496
1489
1490
1489
1491
1489
1492
1489
1493
1489
1494
1489
1495
1489
1496
1490
1491
1490
1492
1490
1493
1490
1494
1490
1495
1490
1496
1491
1492
1491
1493
1491
1494
1491
1495
1491
1496
1492
1493
1492
1494
1492
1495
1492
1496
1493
1494
1493
1495
1493
1496
1494
1495
1494
1496
1495
1496
1497
1498
1497
1499
1497
1500
1497
1501
1497
1502
1497
1503
1497
1504
1497
1505
1497
1506
1497
1507
1498
1499
1498
1500
1498
1501
1498
1502
1498
1503
1498
1504
1498
1505
1498
1506
1498
1507
1499
1500
1499
1501
1499
1502
1499
1503
1499
1504
1499
1505
1499
1506
1499
1507
1500
1501
1500
1502
1500
1503
1500
1504
1500
1505
1500
1506
1500
1507
1501
1502
1501
1503
1501
1504
1501
1505
1501
1506
1501
1507
1502
1503
1502
1504
1502
1505
1502
1506
1502
1507
1503
1504
1503
1505
1503
1506
1503
1507
1504
1505
1504
1506
1504
1507
1505
1506
1505
1507
1506
1507
1508
1509
1508
1510
1508
1511
1508
1512
1508
1513
1508
1514
1508
1515
1508
1516
1508
1517
1508
1518
1509
1510
1509
1511
1509
1512
1509
1513
1509
1514
1509
1515
1509
1516
1509
1517
1509
1518
1510
1511
1510
1512
1510
1513
1510
1514
1510
1515
1510
1516
1510
1517
1510
1518
1511
1512
1511
1513
1511
1514
1511
1515
1511
1516
1511
1517
1511
1518
1512
1513
1512
1514
1512
1515
1512
1516
1512
1517
1512
1518
1513
1514
1513
1515
1513
1516
1513
1517
1513
1518
1514
1515
1514
1516
1514
1517
1514
1518
1515
1516
1515
1517
1515
1518
1516
1517
1516
1518
1517
1518
1519
1520
1519
1521
1519
1522
1519
1523
1519
1524
1519
1525
1519
1526
1519
1527
1519
1528
1519
1529
1520
1521
1520
1522
1520
1523
1520
1524
1520
1525
1520
1526
1520
1527
1520
1528
1520
1529
1521
1522
1521
1523
1521
1524
1521
1525
1521
1526
1521
1527
1521
1528
1521
1529
1522
1523
1522
1524
1522
1525
1522
1526
1522
1527
1522
1528
1522
1529
1523
1524
1523
1525
1523
1526
1523
1527
1523
1528
1523
1529
1524
1525
1524
1526
1524
1527
1524
1528
1524
1529
1525
1526
1525
1527
1525
1528
1525
1529
1526
1527
1526
1528
1526
1529
1527
1528
1527
1529
1528
1529
1530
1531
1530
1532
1530
1533
1530
1534
1530
1535
1530
1536
1530
1537
1530
1538
1530
1539
1530
1540
1531
1532
1531
1533
1531
1534
1531
1535
1531
1536
1531
1537
1531
1538
1531
1539
1531
1540
1532
1533
1532
1534
1532
1535
1532
1536
1532
1537
1532
1538
1532
1539
1532
1540
1533
1534
1533
1535
1533
1536
1533
1537
1533
1538
1533
1539
1533
1540
1534
1535
1534
1536
1534
1537
1534
1538
1534
1539
1534
1540
1535
1536
1535
1537
1535
1538
1535
1539
1535
1540
1536
1537
1536
1538
1536
1539
1536
1540
1537
1538
1537
1539
1537
1540
1538
1539
1538
1540
1539
1540
