1
391
1
311
1
520
1
267
1
433
1
271
1
72
1
284
1
370
1
188
2
544
2
176
2
225
2
250
2
363
2
503
2
570
2
655
2
586
2
397
3
353
3
496
3
464
3
129
3
126
3
219
3
230
3
47
3
164
3
299
4
565
4
180
4
320
4
151
4
410
4
298
4
573
4
137
4
412
4
242
5
344
5
466
5
315
5
226
5
649
5
290
5
48
5
275
5
311
5
155
6
487
6
628
6
201
6
168
6
570
6
566
6
356
6
161
6
263
6
225
7
486
7
333
7
610
7
342
7
84
7
165
7
331
7
568
7
122
7
605
8
368
8
445
8
602
8
644
8
142
8
156
8
339
8
218
8
149
8
275
9
373
9
405
9
152
9
319
9
422
9
357
9
339
9
153
9
99
9
421
10
476
10
195
10
254
10
236
10
633
10
204
10
241
10
330
10
586
10
168
11
546
11
585
11
376
11
334
11
603
11
554
11
193
11
80
11
422
11
375
12
286
12
650
12
176
12
439
12
567
12
431
12
397
12
226
12
367
12
526
13
118
13
492
13
542
13
330
13
107
13
125
13
134
13
465
13
141
13
122
14
459
14
338
14
630
14
109
14
613
14
310
14
50
14
598
14
339
14
322
15
413
15
299
15
344
15
521
15
532
15
367
15
637
15
119
15
612
15
659
16
217
16
493
16
329
16
427
16
447
16
504
16
620
16
237
16
145
16
103
17
604
17
315
17
361
17
367
17
304
17
170
17
300
17
246
17
248
17
572
18
200
18
250
18
631
18
552
18
614
18
354
18
386
18
340
18
622
18
161
19
566
19
543
19
616
19
54
19
223
19
226
19
131
19
515
19
468
19
410
20
94
20
395
20
556
20
580
20
469
20
594
20
226
20
309
20
485
20
110
21
136
21
430
21
488
21
416
21
537
21
396
21
347
21
352
21
253
21
231
22
87
22
395
22
299
22
53
22
90
22
618
22
118
22
625
22
129
22
186
23
93
23
566
23
548
23
560
23
438
23
133
23
235
23
364
23
537
23
91
24
554
24
357
24
149
24
633
24
287
24
392
24
232
24
439
24
405
24
375
25
467
25
289
25
79
25
572
25
489
25
370
25
521
25
409
25
292
25
252
26
121
26
288
26
188
26
374
26
660
26
205
26
537
26
57
26
450
26
301
27
613
27
159
27
124
27
472
27
428
27
585
27
119
27
433
27
217
27
172
28
267
28
196
28
213
28
453
28
520
28
558
28
545
28
379
28
85
28
229
29
485
29
433
29
237
29
424
29
112
29
589
29
640
29
501
29
619
29
451
30
395
30
629
30
71
30
660
30
368
30
58
30
440
30
480
30
532
30
146
31
660
31
204
31
354
31
449
31
149
31
491
31
436
31
137
31
99
31
571
32
281
32
91
32
547
32
438
32
221
32
354
32
639
32
329
32
441
32
172
33
141
33
344
33
207
33
391
33
173
33
157
33
523
33
91
33
274
33
486
34
634
34
414
34
582
34
425
34
605
34
474
34
496
34
289
34
358
34
281
35
155
35
289
35
123
35
145
35
414
35
553
35
208
35
405
35
521
35
370
36
477
36
256
36
628
36
593
36
599
36
286
36
53
36
197
36
406
36
247
37
174
37
623
37
505
37
161
37
642
37
421
37
268
37
253
37
422
37
644
38
393
38
340
38
329
38
263
38
532
38
162
38
231
38
351
38
423
38
317
39
254
39
363
39
218
39
375
39
511
39
115
39
609
39
201
39
283
39
146
40
427
40
430
40
434
40
470
40
535
40
65
40
264
40
210
40
496
40
593
41
190
41
314
41
430
41
388
41
468
41
424
41
275
41
76
41
462
41
375
42
547
42
492
42
489
42
203
42
587
42
545
42
639
42
466
42
570
42
194
43
424
43
318
43
516
43
235
43
586
43
493
43
109
43
176
43
549
43
465
44
255
44
389
44
319
44
555
44
496
44
337
44
587
44
271
44
369
44
640
1
2
1
3
1
4
1
5
1
6
1
7
1
8
1
9
1
10
1
11
2
3
2
4
2
5
2
6
2
7
2
8
2
9
2
10
2
11
3
4
3
5
3
6
3
7
3
8
3
9
3
10
3
11
4
5
4
6
4
7
4
8
4
9
4
10
4
11
5
6
5
7
5
8
5
9
5
10
5
11
6
7
6
8
6
9
6
10
6
11
7
8
7
9
7
10
7
11
8
9
8
10
8
11
9
10
9
11
10
11
12
13
12
14
12
15
12
16
12
17
12
18
12
19
12
20
12
21
12
22
13
14
13
15
13
16
13
17
13
18
13
19
13
20
13
21
13
22
14
15
14
16
14
17
14
18
14
19
14
20
14
21
14
22
15
16
15
17
15
18
15
19
15
20
15
21
15
22
16
17
16
18
16
19
16
20
16
21
16
22
17
18
17
19
17
20
17
21
17
22
18
19
18
20
18
21
18
22
19
20
19
21
19
22
20
21
20
22
21
22
23
24
23
25
23
26
23
27
23
28
23
29
23
30
23
31
23
32
23
33
24
25
24
26
24
27
24
28
24
29
24
30
24
31
24
32
24
33
25
26
25
27
25
28
25
29
25
30
25
31
25
32
25
33
26
27
26
28
26
29
26
30
26
31
26
32
26
33
27
28
27
29
27
30
27
31
27
32
27
33
28
29
28
30
28
31
28
32
28
33
29
30
29
31
29
32
29
33
30
31
30
32
30
33
31
32
31
33
32
33
34
35
34
36
34
37
34
38
34
39
34
40
34
41
34
42
34
43
34
44
35
36
35
37
35
38
35
39
35
40
35
41
35
42
35
43
35
44
36
37
36
38
36
39
36
40
36
41
36
42
36
43
36
44
37
38
37
39
37
40
37
41
37
42
37
43
37
44
38
39
38
40
38
41
38
42
38
43
38
44
39
40
39
41
39
42
39
43
39
44
40
41
40
42
40
43
40
44
41
42
41
43
41
44
42
43
42
44
43
44
45
46
45
47
45
48
45
49
45
50
45
51
45
52
45
53
45
54
45
55
46
47
46
48
46
49
46
50
46
51
46
52
46
53
46
54
46
55
47
48
47
49
47
50
47
51
47
52
47
53
47
54
47
55
48
49
48
50
48
51
48
52
48
53
48
54
48
55
49
50
49
51
49
52
49
53
49
54
49
55
50
51
50
52
50
53
50
54
50
55
51
52
51
53
51
54
51
55
52
53
52
54
52
55
53
54
53
55
54
55
56
57
56
58
56
59
56
60
56
61
56
62
56
63
56
64
56
65
56
66
57
58
57
59
57
60
57
61
57
62
57
63
57
64
57
65
57
66
58
59
58
60
58
61
58
62
58
63
58
64
58
65
58
66
59
60
59
61
59
62
59
63
59
64
59
65
59
66
60
61
60
62
60
63
60
64
60
65
60
66
61
62
61
63
61
64
61
65
61
66
62
63
62
64
62
65
62
66
63
64
63
65
63
66
64
65
64
66
65
66
67
68
67
69
67
70
67
71
67
72
67
73
67
74
67
75
67
76
67
77
68
69
68
70
68
71
68
72
68
73
68
74
68
75
68
76
68
77
69
70
69
71
69
72
69
73
69
74
69
75
69
76
69
77
70
71
70
72
70
73
70
74
70
75
70
76
70
77
71
72
71
73
71
74
71
75
71
76
71
77
72
73
72
74
72
75
72
76
72
77
73
74
73
75
73
76
73
77
74
75
74
76
74
77
75
76
75
77
76
77
78
79
78
80
78
81
78
82
78
83
78
84
78
85
78
86
78
87
78
88
79
80
79
81
79
82
79
83
79
84
79
85
79
86
79
87
79
88
80
81
80
82
80
83
80
84
80
85
80
86
80
87
80
88
81
82
81
83
81
84
81
85
81
86
81
87
81
88
82
83
82
84
82
85
82
86
82
87
82
88
83
84
83
85
83
86
83
87
83
88
84
85
84
86
84
87
84
88
85
86
85
87
85
88
86
87
86
88
87
88
89
90
89
91
89
92
89
93
89
94
89
95
89
96
89
97
89
98
89
99
90
91
90
92
90
93
90
94
90
95
90
96
90
97
90
98
90
99
91
92
91
93
91
94
91
95
91
96
91
97
91
98
91
99
92
93
92
94
92
95
92
96
92
97
92
98
92
99
93
94
93
95
93
96
93
97
93
98
93
99
94
95
94
96
94
97
94
98
94
99
95
96
95
97
95
98
95
99
96
97
96
98
96
99
97
98
97
99
98
99
100
101
100
102
100
103
100
104
100
105
100
106
100
107
100
108
100
109
100
110
101
102
101
103
101
104
101
105
101
106
101
107
101
108
101
109
101
110
102
103
102
104
102
105
102
106
102
107
102
108
102
109
102
110
103
104
103
105
103
106
103
107
103
108
103
109
103
110
104
105
104
106
104
107
104
108
104
109
104
110
105
106
105
107
105
108
105
109
105
110
106
107
106
108
106
109
106
110
107
108
107
109
107
110
108
109
108
110
109
110
111
112
111
113
111
114
111
115
111
116
111
117
111
118
111
119
111
120
111
121
112
113
112
114
112
115
112
116
112
117
112
118
112
119
112
120
112
121
113
114
113
115
113
116
113
117
113
118
113
119
113
120
113
121
114
115
114
116
114
117
114
118
114
119
114
120
114
121
115
116
115
117
115
118
115
119
115
120
115
121
116
117
116
118
116
119
116
120
116
121
117
118
117
119
117
120
117
121
118
119
118
120
118
121
119
120
119
121
120
121
122
123
122
124
122
125
122
126
122
127
122
128
122
129
122
130
122
131
122
132
123
124
123
125
123
126
123
127
123
128
123
129
123
130
123
131
123
132
124
125
124
126
124
127
124
128
124
129
124
130
124
131
124
132
125
126
125
127
125
128
125
129
125
130
125
131
125
132
126
127
126
128
126
129
126
130
126
131
126
132
127
128
127
129
127
130
127
131
127
132
128
129
128
130
128
131
128
132
129
130
129
131
129
132
130
131
130
132
131
132
133
134
133
135
133
136
133
137
133
138
133
139
133
140
133
141
133
142
133
143
134
135
134
136
134
137
134
138
134
139
134
140
134
141
134
142
134
143
135
136
135
137
135
138
135
139
135
140
135
141
135
142
135
143
136
137
136
138
136
139
136
140
136
141
136
142
136
143
137
138
137
139
137
140
137
141
137
142
137
143
138
139
138
140
138
141
138
142
138
143
139
140
139
141
139
142
139
143
140
141
140
142
140
143
141
142
141
143
142
143
144
145
144
146
144
147
144
148
144
149
144
150
144
151
144
152
144
153
144
154
145
146
145
147
145
148
145
149
145
150
145
151
145
152
145
153
145
154
146
147
146
148
146
149
146
150
146
151
146
152
146
153
146
154
147
148
147
149
147
150
147
151
147
152
147
153
147
154
148
149
148
150
148
151
148
152
148
153
148
154
149
150
149
151
149
152
149
153
149
154
150
151
150
152
150
153
150
154
151
152
151
153
151
154
152
153
152
154
153
154
155
156
155
157
155
158
155
159
155
160
155
161
155
162
155
163
155
164
155
165
156
157
156
158
156
159
156
160
156
161
156
162
156
163
156
164
156
165
157
158
157
159
157
160
157
161
157
162
157
163
157
164
157
165
158
159
158
160
158
161
158
162
158
163
158
164
158
165
159
160
159
161
159
162
159
163
159
164
159
165
160
161
160
162
160
163
160
164
160
165
161
162
161
163
161
164
161
165
162
163
162
164
162
165
163
164
163
165
164
165
166
167
166
168
166
169
166
170
166
171
166
172
166
173
166
174
166
175
166
176
167
168
167
169
167
170
167
171
167
172
167
173
167
174
167
175
167
176
168
169
168
170
168
171
168
172
168
173
168
174
168
175
168
176
169
170
169
171
169
172
169
173
169
174
169
175
169
176
170
171
170
172
170
173
170
174
170
175
170
176
171
172
171
173
171
174
171
175
171
176
172
173
172
174
172
175
172
176
173
174
173
175
173
176
174
175
174
176
175
176
177
178
177
179
177
180
177
181
177
182
177
183
177
184
177
185
177
186
177
187
178
179
178
180
178
181
178
182
178
183
178
184
178
185
178
186
178
187
179
180
179
181
179
182
179
183
179
184
179
185
179
186
179
187
180
181
180
182
180
183
180
184
180
185
180
186
180
187
181
182
181
183
181
184
181
185
181
186
181
187
182
183
182
184
182
185
182
186
182
187
183
184
183
185
183
186
183
187
184
185
184
186
184
187
185
186
185
187
186
187
188
189
188
190
188
191
188
192
188
193
188
194
188
195
188
196
188
197
188
198
189
190
189
191
189
192
189
193
189
194
189
195
189
196
189
197
189
198
190
191
190
192
190
193
190
194
190
195
190
196
190
197
190
198
191
192
191
193
191
194
191
195
191
196
191
197
191
198
192
193
192
194
192
195
192
196
192
197
192
198
193
194
193
195
193
196
193
197
193
198
194
195
194
196
194
197
194
198
195
196
195
197
195
198
196
197
196
198
197
198
199
200
199
201
199
202
199
203
199
204
199
205
199
206
199
207
199
208
199
209
200
201
200
202
200
203
200
204
200
205
200
206
200
207
200
208
200
209
201
202
201
203
201
204
201
205
201
206
201
207
201
208
201
209
202
203
202
204
202
205
202
206
202
207
202
208
202
209
203
204
203
205
203
206
203
207
203
208
203
209
204
205
204
206
204
207
204
208
204
209
205
206
205
207
205
208
205
209
206
207
206
208
206
209
207
208
207
209
208
209
210
211
210
212
210
213
210
214
210
215
210
216
210
217
210
218
210
219
210
220
211
212
211
213
211
214
211
215
211
216
211
217
211
218
211
219
211
220
212
213
212
214
212
215
212
216
212
217
212
218
212
219
212
220
213
214
213
215
213
216
213
217
213
218
213
219
213
220
214
215
214
216
214
217
214
218
214
219
214
220
215
216
215
217
215
218
215
219
215
220
216
217
216
218
216
219
216
220
217
218
217
219
217
220
218
219
218
220
219
220
221
222
221
223
221
224
221
225
221
226
221
227
221
228
221
229
221
230
221
231
222
223
222
224
222
225
222
226
222
227
222
228
222
229
222
230
222
231
223
224
223
225
223
226
223
227
223
228
223
229
223
230
223
231
224
225
224
226
224
227
224
228
224
229
224
230
224
231
225
226
225
227
225
228
225
229
225
230
225
231
226
227
226
228
226
229
226
230
226
231
227
228
227
229
227
230
227
231
228
229
228
230
228
231
229
230
229
231
230
231
232
233
232
234
232
235
232
236
232
237
232
238
232
239
232
240
232
241
232
242
233
234
233
235
233
236
233
237
233
238
233
239
233
240
233
241
233
242
234
235
234
236
234
237
234
238
234
239
234
240
234
241
234
242
235
236
235
237
235
238
235
239
235
240
235
241
235
242
236
237
236
238
236
239
236
240
236
241
236
242
237
238
237
239
237
240
237
241
237
242
238
239
238
240
238
241
238
242
239
240
239
241
239
242
240
241
240
242
241
242
243
244
243
245
243
246
243
247
243
248
243
249
243
250
243
251
243
252
243
253
244
245
244
246
244
247
244
248
244
249
244
250
244
251
244
252
244
253
245
246
245
247
245
248
245
249
245
250
245
251
245
252
245
253
246
247
246
248
246
249
246
250
246
251
246
252
246
253
247
248
247
249
247
250
247
251
247
252
247
253
248
249
248
250
248
251
248
252
248
253
249
250
249
251
249
252
249
253
250
251
250
252
250
253
251
252
251
253
252
253
254
255
254
256
254
257
254
258
254
259
254
260
254
261
254
262
254
263
254
264
255
256
255
257
255
258
255
259
255
260
255
261
255
262
255
263
255
264
256
257
256
258
256
259
256
260
256
261
256
262
256
263
256
264
257
258
257
259
257
260
257
261
257
262
257
263
257
264
258
259
258
260
258
261
258
262
258
263
258
264
259
260
259
261
259
262
259
263
259
264
260
261
260
262
260
263
260
264
261
262
261
263
261
264
262
263
262
264
263
264
265
266
265
267
265
268
265
269
265
270
265
271
265
272
265
273
265
274
265
275
266
267
266
268
266
269
266
270
266
271
266
272
266
273
266
274
266
275
267
268
267
269
267
270
267
271
267
272
267
273
267
274
267
275
268
269
268
270
268
271
268
272
268
273
268
274
268
275
269
270
269
271
269
272
269
273
269
274
269
275
270
271
270
272
270
273
270
274
270
275
271
272
271
273
271
274
271
275
272
273
272
274
272
275
273
274
273
275
274
275
276
277
276
278
276
279
276
280
276
281
276
282
276
283
276
284
276
285
276
286
277
278
277
279
277
280
277
281
277
282
277
283
277
284
277
285
277
286
278
279
278
280
278
281
278
282
278
283
278
284
278
285
278
286
279
280
279
281
279
282
279
283
279
284
279
285
279
286
280
281
280
282
280
283
280
284
280
285
280
286
281
282
281
283
281
284
281
285
281
286
282
283
282
284
282
285
282
286
283
284
283
285
283
286
284
285
284
286
285
286
287
288
287
289
287
290
287
291
287
292
287
293
287
294
287
295
287
296
287
297
288
289
288
290
288
291
288
292
288
293
288
294
288
295
288
296
288
297
289
290
289
291
289
292
289
293
289
294
289
295
289
296
289
297
290
291
290
292
290
293
290
294
290
295
290
296
290
297
291
292
291
293
291
294
291
295
291
296
291
297
292
293
292
294
292
295
292
296
292
297
293
294
293
295
293
296
293
297
294
295
294
296
294
297
295
296
295
297
296
297
298
299
298
300
298
301
298
302
298
303
298
304
298
305
298
306
298
307
298
308
299
300
299
301
299
302
299
303
299
304
299
305
299
306
299
307
299
308
300
301
300
302
300
303
300
304
300
305
300
306
300
307
300
308
301
302
301
303
301
304
301
305
301
306
301
307
301
308
302
303
302
304
302
305
302
306
302
307
302
308
303
304
303
305
303
306
303
307
303
308
304
305
304
306
304
307
304
308
305
306
305
307
305
308
306
307
306
308
307
308
309
310
309
311
309
312
309
313
309
314
309
315
309
316
309
317
309
318
309
319
310
311
310
312
310
313
310
314
310
315
310
316
310
317
310
318
310
319
311
312
311
313
311
314
311
315
311
316
311
317
311
318
311
319
312
313
312
314
312
315
312
316
312
317
312
318
312
319
313
314
313
315
313
316
313
317
313
318
313
319
314
315
314
316
314
317
314
318
314
319
315
316
315
317
315
318
315
319
316
317
316
318
316
319
317
318
317
319
318
319
320
321
320
322
320
323
320
324
320
325
320
326
320
327
320
328
320
329
320
330
321
322
321
323
321
324
321
325
321
326
321
327
321
328
321
329
321
330
322
323
322
324
322
325
322
326
322
327
322
328
322
329
322
330
323
324
323
325
323
326
323
327
323
328
323
329
323
330
324
325
324
326
324
327
324
328
324
329
324
330
325
326
325
327
325
328
325
329
325
330
326
327
326
328
326
329
326
330
327
328
327
329
327
330
328
329
328
330
329
330
331
332
331
333
331
334
331
335
331
336
331
337
331
338
331
339
331
340
331
341
332
333
332
334
332
335
332
336
332
337
332
338
332
339
332
340
332
341
333
334
333
335
333
336
333
337
333
338
333
339
333
340
333
341
334
335
334
336
334
337
334
338
334
339
334
340
334
341
335
336
335
337
335
338
335
339
335
340
335
341
336
337
336
338
336
339
336
340
336
341
337
338
337
339
337
340
337
341
338
339
338
340
338
341
339
340
339
341
340
341
342
343
342
344
342
345
342
346
342
347
342
348
342
349
342
350
342
351
342
352
343
344
343
345
343
346
343
347
343
348
343
349
343
350
343
351
343
352
344
345
344
346
344
347
344
348
344
349
344
350
344
351
344
352
345
346
345
347
345
348
345
349
345
350
345
351
345
352
346
347
346
348
346
349
346
350
346
351
346
352
347
348
347
349
347
350
347
351
347
352
348
349
348
350
348
351
348
352
349
350
349
351
349
352
350
351
350
352
351
352
353
354
353
355
353
356
353
357
353
358
353
359
353
360
353
361
353
362
353
363
354
355
354
356
354
357
354
358
354
359
354
360
354
361
354
362
354
363
355
356
355
357
355
358
355
359
355
360
355
361
355
362
355
363
356
357
356
358
356
359
356
360
356
361
356
362
356
363
357
358
357
359
357
360
357
361
357
362
357
363
358
359
358
360
358
361
358
362
358
363
359
360
359
361
359
362
359
363
360
361
360
362
360
363
361
362
361
363
362
363
364
365
364
366
364
367
364
368
364
369
364
370
364
371
364
372
364
373
364
374
365
366
365
367
365
368
365
369
365
370
365
371
365
372
365
373
365
374
366
367
366
368
366
369
366
370
366
371
366
372
366
373
366
374
367
368
367
369
367
370
367
371
367
372
367
373
367
374
368
369
368
370
368
371
368
372
368
373
368
374
369
370
369
371
369
372
369
373
369
374
370
371
370
372
370
373
370
374
371
372
371
373
371
374
372
373
372
374
373
374
375
376
375
377
375
378
375
379
375
380
375
381
375
382
375
383
375
384
375
385
376
377
376
378
376
379
376
380
376
381
376
382
376
383
376
384
376
385
377
378
377
379
377
380
377
381
377
382
377
383
377
384
377
385
378
379
378
380
378
381
378
382
378
383
378
384
378
385
379
380
379
381
379
382
379
383
379
384
379
385
380
381
380
382
380
383
380
384
380
385
381
382
381
383
381
384
381
385
382
383
382
384
382
385
383
384
383
385
384
385
386
387
386
388
386
389
386
390
386
391
386
392
386
393
386
394
386
395
386
396
387
388
387
389
387
390
387
391
387
392
387
393
387
394
387
395
387
396
388
389
388
390
388
391
388
392
388
393
388
394
388
395
388
396
389
390
389
391
389
392
389
393
389
394
389
395
389
396
390
391
390
392
390
393
390
394
390
395
390
396
391
392
391
393
391
394
391
395
391
396
392
393
392
394
392
395
392
396
393
394
393
395
393
396
394
395
394
396
395
396
397
398
397
399
397
400
397
401
397
402
397
403
397
404
397
405
397
406
397
407
398
399
398
400
398
401
398
402
398
403
398
404
398
405
398
406
398
407
399
400
399
401
399
402
399
403
399
404
399
405
399
406
399
407
400
401
400
402
400
403
400
404
400
405
400
406
400
407
401
402
401
403
401
404
401
405
401
406
401
407
402
403
402
404
402
405
402
406
402
407
403
404
403
405
403
406
403
407
404
405
404
406
404
407
405
406
405
407
406
407
408
409
408
410
408
411
408
412
408
413
408
414
408
415
408
416
408
417
408
418
409
410
409
411
409
412
409
413
409
414
409
415
409
416
409
417
409
418
410
411
410
412
410
413
410
414
410
415
410
416
410
417
410
418
411
412
411
413
411
414
411
415
411
416
411
417
411
418
412
413
412
414
412
415
412
416
412
417
412
418
413
414
413
415
413
416
413
417
413
418
414
415
414
416
414
417
414
418
415
416
415
417
415
418
416
417
416
418
417
418
419
420
419
421
419
422
419
423
419
424
419
425
419
426
419
427
419
428
419
429
420
421
420
422
420
423
420
424
420
425
420
426
420
427
420
428
420
429
421
422
421
423
421
424
421
425
421
426
421
427
421
428
421
429
422
423
422
424
422
425
422
426
422
427
422
428
422
429
423
424
423
425
423
426
423
427
423
428
423
429
424
425
424
426
424
427
424
428
424
429
425
426
425
427
425
428
425
429
426
427
426
428
426
429
427
428
427
429
428
429
430
431
430
432
430
433
430
434
430
435
430
436
430
437
430
438
430
439
430
440
431
432
431
433
431
434
431
435
431
436
431
437
431
438
431
439
431
440
432
433
432
434
432
435
432
436
432
437
432
438
432
439
432
440
433
434
433
435
433
436
433
437
433
438
433
439
433
440
434
435
434
436
434
437
434
438
434
439
434
440
435
436
435
437
435
438
435
439
435
440
436
437
436
438
436
439
436
440
437
438
437
439
437
440
438
439
438
440
439
440
441
442
441
443
441
444
441
445
441
446
441
447
441
448
441
449
441
450
441
451
442
443
442
444
442
445
442
446
442
447
442
448
442
449
442
450
442
451
443
444
443
445
443
446
443
447
443
448
443
449
443
450
443
451
444
445
444
446
444
447
444
448
444
449
444
450
444
451
445
446
445
447
445
448
445
449
445
450
445
451
446
447
446
448
446
449
446
450
446
451
447
448
447
449
447
450
447
451
448
449
448
450
448
451
449
450
449
451
450
451
452
453
452
454
452
455
452
456
452
457
452
458
452
459
452
460
452
461
452
462
453
454
453
455
453
456
453
457
453
458
453
459
453
460
453
461
453
462
454
455
454
456
454
457
454
458
454
459
454
460
454
461
454
462
455
456
455
457
455
458
455
459
455
460
455
461
455
462
456
457
456
458
456
459
456
460
456
461
456
462
457
458
457
459
457
460
457
461
457
462
458
459
458
460
458
461
458
462
459
460
459
461
459
462
460
461
460
462
461
462
463
464
463
465
463
466
463
467
463
468
463
469
463
470
463
471
463
472
463
473
464
465
464
466
464
467
464
468
464
469
464
470
464
471
464
472
464
473
465
466
465
467
465
468
465
469
465
470
465
471
465
472
465
473
466
467
466
468
466
469
466
470
466
471
466
472
466
473
467
468
467
469
467
470
467
471
467
472
467
473
468
469
468
470
468
471
468
472
468
473
469
470
469
471
469
472
469
473
470
471
470
472
470
473
471
472
471
473
472
473
474
475
474
476
474
477
474
478
474
479
474
480
474
481
474
482
474
483
474
484
475
476
475
477
475
478
475
479
475
480
475
481
475
482
475
483
475
484
476
477
476
478
476
479
476
480
476
481
476
482
476
483
476
484
477
478
477
479
477
480
477
481
477
482
477
483
477
484
478
479
478
480
478
481
478
482
478
483
478
484
479
480
479
481
479
482
479
483
479
484
480
481
480
482
480
483
480
484
481
482
481
483
481
484
482
483
482
484
483
484
485
486
485
487
485
488
485
489
485
490
485
491
485
492
485
493
485
494
485
495
486
487
486
488
486
489
486
490
486
491
486
492
486
493
486
494
486
495
487
488
487
489
487
490
487
491
487
492
487
493
487
494
487
495
488
489
488
490
488
491
488
492
488
493
488
494
488
495
489
490
489
491
489
492
489
493
489
494
489
495
490
491
490
492
490
493
490
494
490
495
491
492
491
493
491
494
491
495
492
493
492
494
492
495
493
494
493
495
494
495
496
497
496
498
496
499
496
500
496
501
496
502
496
503
496
504
496
505
496
506
497
498
497
499
497
500
497
501
497
502
497
503
497
504
497
505
497
506
498
499
498
500
498
501
498
502
498
503
498
504
498
505
498
506
499
500
499
501
499
502
499
503
499
504
499
505
499
506
500
501
500
502
500
503
500
504
500
505
500
506
501
502
501
503
501
504
501
505
501
506
502
503
502
504
502
505
502
506
503
504
503
505
503
506
504
505
504
506
505
506
507
508
507
509
507
510
507
511
507
512
507
513
507
514
507
515
507
516
507
517
508
509
508
510
508
511
508
512
508
513
508
514
508
515
508
516
508
517
509
510
509
511
509
512
509
513
509
514
509
515
509
516
509
517
510
511
510
512
510
513
510
514
510
515
510
516
510
517
511
512
511
513
511
514
511
515
511
516
511
517
512
513
512
514
512
515
512
516
512
517
513
514
513
515
513
516
513
517
514
515
514
516
514
517
515
516
515
517
516
517
518
519
518
520
518
521
518
522
518
523
518
524
518
525
518
526
518
527
518
528
519
520
519
521
519
522
519
523
519
524
519
525
519
526
519
527
519
528
520
521
520
522
520
523
520
524
520
525
520
526
520
527
520
528
521
522
521
523
521
524
521
525
521
526
521
527
521
528
522
523
522
524
522
525
522
526
522
527
522
528
523
524
523
525
523
526
523
527
523
528
524
525
524
526
524
527
524
528
525
526
525
527
525
528
526
527
526
528
527
528
529
530
529
531
529
532
529
533
529
534
529
535
529
536
529
537
529
538
529
539
530
531
530
532
530
533
530
534
530
535
530
536
530
537
530
538
530
539
531
532
531
533
531
534
531
535
531
536
531
537
531
538
531
539
532
533
532
534
532
535
532
536
532
537
532
538
532
539
533
534
533
535
533
536
533
537
533
538
533
539
534
535
534
536
534
537
534
538
534
539
535
536
535
537
535
538
535
539
536
537
536
538
536
539
537
538
537
539
538
539
540
541
540
542
540
543
540
544
540
545
540
546
540
547
540
548
540
549
540
550
541
542
541
543
541
544
541
545
541
546
541
547
541
548
541
549
541
550
542
543
542
544
542
545
542
546
542
547
542
548
542
549
542
550
543
544
543
545
543
546
543
547
543
548
543
549
543
550
544
545
544
546
544
547
544
548
544
549
544
550
545
546
545
547
545
548
545
549
545
550
546
547
546
548
546
549
546
550
547
548
547
549
547
550
548
549
548
550
549
550
551
552
551
553
551
554
551
555
551
556
551
557
551
558
551
559
551
560
551
561
552
553
552
554
552
555
552
556
552
557
552
558
552
559
552
560
552
561
553
554
553
555
553
556
553
557
553
558
553
559
553
560
553
561
554
555
554
556
554
557
554
558
554
559
554
560
554
561
555
556
555
557
555
558
555
559
555
560
555
561
556
557
556
558
556
559
556
560
556
561
557
558
557
559
557
560
557
561
558
559
558
560
558
561
559
560
559
561
560
561
562
563
562
564
562
565
562
566
562
567
562
568
562
569
562
570
562
571
562
572
563
564
563
565
563
566
563
567
563
568
563
569
563
570
563
571
563
572
564
565
564
566
564
567
564
568
564
569
564
570
564
571
564
572
565
566
565
567
565
568
565
569
565
570
565
571
565
572
566
567
566
568
566
569
566
570
566
571
566
572
567
568
567
569
567
570
567
571
567
572
568
569
568
570
568
571
568
572
569
570
569
571
569
572
570
571
570
572
571
572
573
574
573
575
573
576
573
577
573
578
573
579
573
580
573
581
573
582
573
583
574
575
574
576
574
577
574
578
574
579
574
580
574
581
574
582
574
583
575
576
575
577
575
578
575
579
575
580
575
581
575
582
575
583
576
577
576
578
576
579
576
580
576
581
576
582
576
583
577
578
577
579
577
580
577
581
577
582
577
583
578
579
578
580
578
581
578
582
578
583
579
580
579
581
579
582
579
583
580
581
580
582
580
583
581
582
581
583
582
583
584
585
584
586
584
587
584
588
584
589
584
590
584
591
584
592
584
593
584
594
585
586
585
587
585
588
585
589
585
590
585
591
585
592
585
593
585
594
586
587
586
588
586
589
586
590
586
591
586
592
586
593
586
594
587
588
587
589
587
590
587
591
587
592
587
593
587
594
588
589
588
590
588
591
588
592
588
593
588
594
589
590
589
591
589
592
589
593
589
594
590
591
590
592
590
593
590
594
591
592
591
593
591
594
592
593
592
594
593
594
595
596
595
597
595
598
595
599
595
600
595
601
595
602
595
603
595
604
595
605
596
597
596
598
596
599
596
600
596
601
596
602
596
603
596
604
596
605
597
598
597
599
597
600
597
601
597
602
597
603
597
604
597
605
598
599
598
600
598
601
598
602
598
603
598
604
598
605
599
600
599
601
599
602
599
603
599
604
599
605
600
601
600
602
600
603
600
604
600
605
601
602
601
603
601
604
601
605
602
603
602
604
602
605
603
604
603
605
604
605
606
607
606
608
606
609
606
610
606
611
606
612
606
613
606
614
606
615
606
616
607
608
607
609
607
610
607
611
607
612
607
613
607
614
607
615
607
616
608
609
608
610
608
611
608
612
608
613
608
614
608
615
608
616
609
610
609
611
609
612
609
613
609
614
609
615
609
616
610
611
610
612
610
613
610
614
610
615
610
616
611
612
611
613
611
614
611
615
611
616
612
613
612
614
612
615
612
616
613
614
613
615
613
616
614
615
614
616
615
616
617
618
617
619
617
620
617
621
617
622
617
623
617
624
617
625
617
626
617
627
618
619
618
620
618
621
618
622
618
623
618
624
618
625
618
626
618
627
619
620
619
621
619
622
619
623
619
624
619
625
619
626
619
627
620
621
620
622
620
623
620
624
620
625
620
626
620
627
621
622
621
623
621
624
621
625
621
626
621
627
622
623
622
624
622
625
622
626
622
627
623
624
623
625
623
626
623
627
624
625
624
626
624
627
625
626
625
627
626
627
628
629
628
630
628
631
628
632
628
633
628
634
628
635
628
636
628
637
628
638
629
630
629
631
629
632
629
633
629
634
629
635
629
636
629
637
629
638
630
631
630
632
630
633
630
634
630
635
630
636
630
637
630
638
631
632
631
633
631
634
631
635
631
636
631
637
631
638
632
633
632
634
632
635
632
636
632
637
632
638
633
634
633
635
633
636
633
637
633
638
634
635
634
636
634
637
634
638
635
636
635
637
635
638
636
637
636
638
637
638
639
640
639
641
639
642
639
643
639
644
639
645
639
646
639
647
639
648
639
649
640
641
640
642
640
643
640
644
640
645
640
646
640
647
640
648
640
649
641
642
641
643
641
644
641
645
641
646
641
647
641
648
641
649
642
643
642
644
642
645
642
646
642
647
642
648
642
649
643
644
643
645
643
646
643
647
643
648
643
649
644
645
644
646
644
647
644
648
644
649
645
646
645
647
645
648
645
649
646
647
646
648
646
649
647
648
647
649
648
649
650
651
650
652
650
653
650
654
650
655
650
656
650
657
650
658
650
659
650
660
651
652
651
653
651
654
651
655
651
656
651
657
651
658
651
659
651
660
652
653
652
654
652
655
652
656
652
657
652
658
652
659
652
660
653
654
653
655
653
656
653
657
653
658
653
659
653
660
654
655
654
656
654
657
654
658
654
659
654
660
655
656
655
657
655
658
655
659
655
660
656
657
656
658
656
659
656
660
657
658
657
659
657
660
658
659
658
660
659
660
