1
97
1
63
1
145
1
85
1
59
1
206
1
96
1
101
1
168
1
88
2
71
2
180
2
144
2
207
2
121
2
201
2
128
2
175
2
50
2
104
3
58
3
125
3
153
3
68
3
158
3
164
3
51
3
136
3
72
3
84
4
176
4
123
4
87
4
161
4
94
4
207
4
106
4
186
4
49
4
206
5
122
5
196
5
113
5
127
5
60
5
130
5
179
5
217
5
106
5
71
6
149
6
48
6
150
6
215
6
61
6
81
6
220
6
116
6
122
6
174
7
75
7
48
7
180
7
71
7
212
7
131
7
65
7
147
7
185
7
186
8
79
8
220
8
173
8
63
8
182
8
93
8
75
8
65
8
68
8
180
9
162
9
128
9
47
9
95
9
195
9
120
9
96
9
79
9
147
9
138
10
197
10
213
10
64
10
58
10
158
10
149
10
206
10
106
10
125
10
189
11
187
11
184
11
177
11
99
11
117
11
218
11
171
11
88
11
219
11
59
12
117
12
103
12
69
12
217
12
181
12
88
12
183
12
72
12
179
12
51
13
63
13
197
13
101
13
102
13
213
13
92
13
202
13
149
13
77
13
178
14
130
14
111
14
127
14
97
14
176
14
185
14
100
14
144
14
75
14
178
15
90
15
94
15
121
15
107
15
112
15
144
15
96
15
82
15
142
15
174
16
136
16
172
16
197
16
138
16
63
16
94
16
163
16
62
16
164
16
153
17
200
17
48
17
177
17
207
17
46
17
141
17
116
17
199
17
128
17
54
18
170
18
211
18
132
18
114
18
134
18
206
18
107
18
79
18
205
18
139
19
203
19
185
19
215
19
186
19
145
19
89
19
60
19
109
19
120
19
45
20
166
20
115
20
62
20
188
20
92
20
214
20
105
20
217
20
119
20
101
21
57
21
158
21
52
21
151
21
140
21
149
21
72
21
69
21
122
21
68
22
156
22
153
22
88
22
191
22
186
22
198
22
136
22
182
22
58
22
57
23
164
23
219
23
79
23
50
23
104
23
165
23
172
23
53
23
118
23
142
24
185
24
104
24
169
24
187
24
215
24
144
24
108
24
121
24
65
24
123
25
179
25
100
25
190
25
171
25
107
25
60
25
168
25
157
25
98
25
183
26
205
26
178
26
82
26
207
26
127
26
96
26
70
26
139
26
47
26
59
27
104
27
217
27
48
27
59
27
210
27
195
27
51
27
58
27
94
27
203
28
71
28
166
28
199
28
80
28
157
28
135
28
84
28
107
28
209
28
113
29
220
29
145
29
212
29
78
29
75
29
178
29
132
29
90
29
88
29
46
30
95
30
65
30
152
30
71
30
70
30
52
30
111
30
199
30
90
30
194
31
195
31
145
31
178
31
141
31
218
31
192
31
143
31
58
31
173
31
101
32
70
32
127
32
87
32
167
32
178
32
144
32
79
32
96
32
204
32
128
33
203
33
123
33
63
33
102
33
202
33
91
33
107
33
152
33
156
33
210
34
115
34
61
34
113
34
131
34
85
34
187
34
58
34
95
34
155
34
220
35
112
35
216
35
62
35
83
35
203
35
50
35
150
35
206
35
82
35
70
36
78
36
131
36
145
36
214
36
199
36
51
36
89
36
197
36
63
36
48
37
52
37
123
37
59
37
81
37
69
37
140
37
151
37
47
37
94
37
53
38
209
38
100
38
75
38
189
38
123
38
156
38
178
38
98
38
66
38
135
39
59
39
112
39
73
39
145
39
207
39
68
39
56
39
94
39
104
39
180
40
184
40
70
40
185
40
154
40
186
40
167
40
84
40
58
40
156
40
82
41
136
41
93
41
66
41
140
41
87
41
79
41
152
41
82
41
109
41
118
42
138
42
192
42
214
42
189
42
184
42
182
42
158
42
143
42
96
42
141
43
76
43
197
43
107
43
83
43
162
43
154
43
217
43
172
43
65
43
203
44
140
44
78
44
149
44
144
44
126
44
202
44
48
44
164
44
60
44
63
1
2
1
3
1
4
1
5
1
6
1
7
1
8
1
9
1
10
1
11
2
3
2
4
2
5
2
6
2
7
2
8
2
9
2
10
2
11
3
4
3
5
3
6
3
7
3
8
3
9
3
10
3
11
4
5
4
6
4
7
4
8
4
9
4
10
4
11
5
6
5
7
5
8
5
9
5
10
5
11
6
7
6
8
6
9
6
10
6
11
7
8
7
9
7
10
7
11
8
9
8
10
8
11
9
10
9
11
10
11
12
13
12
14
12
15
12
16
12
17
12
18
12
19
12
20
12
21
12
22
13
14
13
15
13
16
13
17
13
18
13
19
13
20
13
21
13
22
14
15
14
16
14
17
14
18
14
19
14
20
14
21
14
22
15
16
15
17
15
18
15
19
15
20
15
21
15
22
16
17
16
18
16
19
16
20
16
21
16
22
17
18
17
19
17
20
17
21
17
22
18
19
18
20
18
21
18
22
19
20
19
21
19
22
20
21
20
22
21
22
23
24
23
25
23
26
23
27
23
28
23
29
23
30
23
31
23
32
23
33
24
25
24
26
24
27
24
28
24
29
24
30
24
31
24
32
24
33
25
26
25
27
25
28
25
29
25
30
25
31
25
32
25
33
26
27
26
28
26
29
26
30
26
31
26
32
26
33
27
28
27
29
27
30
27
31
27
32
27
33
28
29
28
30
28
31
28
32
28
33
29
30
29
31
29
32
29
33
30
31
30
32
30
33
31
32
31
33
32
33
34
35
34
36
34
37
34
38
34
39
34
40
34
41
34
42
34
43
34
44
35
36
35
37
35
38
35
39
35
40
35
41
35
42
35
43
35
44
36
37
36
38
36
39
36
40
36
41
36
42
36
43
36
44
37
38
37
39
37
40
37
41
37
42
37
43
37
44
38
39
38
40
38
41
38
42
38
43
38
44
39
40
39
41
39
42
39
43
39
44
40
41
40
42
40
43
40
44
41
42
41
43
41
44
42
43
42
44
43
44
45
46
45
47
45
48
45
49
45
50
45
51
45
52
45
53
45
54
45
55
46
47
46
48
46
49
46
50
46
51
46
52
46
53
46
54
46
55
47
48
47
49
47
50
47
51
47
52
47
53
47
54
47
55
48
49
48
50
48
51
48
52
48
53
48
54
48
55
49
50
49
51
49
52
49
53
49
54
49
55
50
51
50
52
50
53
50
54
50
55
51
52
51
53
51
54
51
55
52
53
52
54
52
55
53
54
53
55
54
55
56
57
56
58
56
59
56
60
56
61
56
62
56
63
56
64
56
65
56
66
57
58
57
59
57
60
57
61
57
62
57
63
57
64
57
65
57
66
58
59
58
60
58
61
58
62
58
63
58
64
58
65
58
66
59
60
59
61
59
62
59
63
59
64
59
65
59
66
60
61
60
62
60
63
60
64
60
65
60
66
61
62
61
63
61
64
61
65
61
66
62
63
62
64
62
65
62
66
63
64
63
65
63
66
64
65
64
66
65
66
67
68
67
69
67
70
67
71
67
72
67
73
67
74
67
75
67
76
67
77
68
69
68
70
68
71
68
72
68
73
68
74
68
75
68
76
68
77
69
70
69
71
69
72
69
73
69
74
69
75
69
76
69
77
70
71
70
72
70
73
70
74
70
75
70
76
70
77
71
72
71
73
71
74
71
75
71
76
71
77
72
73
72
74
72
75
72
76
72
77
73
74
73
75
73
76
73
77
74
75
74
76
74
77
75
76
75
77
76
77
78
79
78
80
78
81
78
82
78
83
78
84
78
85
78
86
78
87
78
88
79
80
79
81
79
82
79
83
79
84
79
85
79
86
79
87
79
88
80
81
80
82
80
83
80
84
80
85
80
86
80
87
80
88
81
82
81
83
81
84
81
85
81
86
81
87
81
88
82
83
82
84
82
85
82
86
82
87
82
88
83
84
83
85
83
86
83
87
83
88
84
85
84
86
84
87
84
88
85
86
85
87
85
88
86
87
86
88
87
88
89
90
89
91
89
92
89
93
89
94
89
95
89
96
89
97
89
98
89
99
90
91
90
92
90
93
90
94
90
95
90
96
90
97
90
98
90
99
91
92
91
93
91
94
91
95
91
96
91
97
91
98
91
99
92
93
92
94
92
95
92
96
92
97
92
98
92
99
93
94
93
95
93
96
93
97
93
98
93
99
94
95
94
96
94
97
94
98
94
99
95
96
95
97
95
98
95
99
96
97
96
98
96
99
97
98
97
99
98
99
100
101
100
102
100
103
100
104
100
105
100
106
100
107
100
108
100
109
100
110
101
102
101
103
101
104
101
105
101
106
101
107
101
108
101
109
101
110
102
103
102
104
102
105
102
106
102
107
102
108
102
109
102
110
103
104
103
105
103
106
103
107
103
108
103
109
103
110
104
105
104
106
104
107
104
108
104
109
104
110
105
106
105
107
105
108
105
109
105
110
106
107
106
108
106
109
106
110
107
108
107
109
107
110
108
109
108
110
109
110
111
112
111
113
111
114
111
115
111
116
111
117
111
118
111
119
111
120
111
121
112
113
112
114
112
115
112
116
112
117
112
118
112
119
112
120
112
121
113
114
113
115
113
116
113
117
113
118
113
119
113
120
113
121
114
115
114
116
114
117
114
118
114
119
114
120
114
121
115
116
115
117
115
118
115
119
115
120
115
121
116
117
116
118
116
119
116
120
116
121
117
118
117
119
117
120
117
121
118
119
118
120
118
121
119
120
119
121
120
121
122
123
122
124
122
125
122
126
122
127
122
128
122
129
122
130
122
131
122
132
123
124
123
125
123
126
123
127
123
128
123
129
123
130
123
131
123
132
124
125
124
126
124
127
124
128
124
129
124
130
124
131
124
132
125
126
125
127
125
128
125
129
125
130
125
131
125
132
126
127
126
128
126
129
126
130
126
131
126
132
127
128
127
129
127
130
127
131
127
132
128
129
128
130
128
131
128
132
129
130
129
131
129
132
130
131
130
132
131
132
133
134
133
135
133
136
133
137
133
138
133
139
133
140
133
141
133
142
133
143
134
135
134
136
134
137
134
138
134
139
134
140
134
141
134
142
134
143
135
136
135
137
135
138
135
139
135
140
135
141
135
142
135
143
136
137
136
138
136
139
136
140
136
141
136
142
136
143
137
138
137
139
137
140
137
141
137
142
137
143
138
139
138
140
138
141
138
142
138
143
139
140
139
141
139
142
139
143
140
141
140
142
140
143
141
142
141
143
142
143
144
145
144
146
144
147
144
148
144
149
144
150
144
151
144
152
144
153
144
154
145
146
145
147
145
148
145
149
145
150
145
151
145
152
145
153
145
154
146
147
146
148
146
149
146
150
146
151
146
152
146
153
146
154
147
148
147
149
147
150
147
151
147
152
147
153
147
154
148
149
148
150
148
151
148
152
148
153
148
154
149
150
149
151
149
152
149
153
149
154
150
151
150
152
150
153
150
154
151
152
151
153
151
154
152
153
152
154
153
154
155
156
155
157
155
158
155
159
155
160
155
161
155
162
155
163
155
164
155
165
156
157
156
158
156
159
156
160
156
161
156
162
156
163
156
164
156
165
157
158
157
159
157
160
157
161
157
162
157
163
157
164
157
165
158
159
158
160
158
161
158
162
158
163
158
164
158
165
159
160
159
161
159
162
159
163
159
164
159
165
160
161
160
162
160
163
160
164
160
165
161
162
161
163
161
164
161
165
162
163
162
164
162
165
163
164
163
165
164
165
166
167
166
168
166
169
166
170
166
171
166
172
166
173
166
174
166
175
166
176
167
168
167
169
167
170
167
171
167
172
167
173
167
174
167
175
167
176
168
169
168
170
168
171
168
172
168
173
168
174
168
175
168
176
169
170
169
171
169
172
169
173
169
174
169
175
169
176
170
171
170
172
170
173
170
174
170
175
170
176
171
172
171
173
171
174
171
175
171
176
172
173
172
174
172
175
172
176
173
174
173
175
173
176
174
175
174
176
175
176
177
178
177
179
177
180
177
181
177
182
177
183
177
184
177
185
177
186
177
187
178
179
178
180
178
181
178
182
178
183
178
184
178
185
178
186
178
187
179
180
179
181
179
182
179
183
179
184
179
185
179
186
179
187
180
181
180
182
180
183
180
184
180
185
180
186
180
187
181
182
181
183
181
184
181
185
181
186
181
187
182
183
182
184
182
185
182
186
182
187
183
184
183
185
183
186
183
187
184
185
184
186
184
187
185
186
185
187
186
187
188
189
188
190
188
191
188
192
188
193
188
194
188
195
188
196
188
197
188
198
189
190
189
191
189
192
189
193
189
194
189
195
189
196
189
197
189
198
190
191
190
192
190
193
190
194
190
195
190
196
190
197
190
198
191
192
191
193
191
194
191
195
191
196
191
197
191
198
192
193
192
194
192
195
192
196
192
197
192
198
193
194
193
195
193
196
193
197
193
198
194
195
194
196
194
197
194
198
195
196
195
197
195
198
196
197
196
198
197
198
199
200
199
201
199
202
199
203
199
204
199
205
199
206
199
207
199
208
199
209
200
201
200
202
200
203
200
204
200
205
200
206
200
207
200
208
200
209
201
202
201
203
201
204
201
205
201
206
201
207
201
208
201
209
202
203
202
204
202
205
202
206
202
207
202
208
202
209
203
204
203
205
203
206
203
207
203
208
203
209
204
205
204
206
204
207
204
208
204
209
205
206
205
207
205
208
205
209
206
207
206
208
206
209
207
208
207
209
208
209
210
211
210
212
210
213
210
214
210
215
210
216
210
217
210
218
210
219
210
220
211
212
211
213
211
214
211
215
211
216
211
217
211
218
211
219
211
220
212
213
212
214
212
215
212
216
212
217
212
218
212
219
212
220
213
214
213
215
213
216
213
217
213
218
213
219
213
220
214
215
214
216
214
217
214
218
214
219
214
220
215
216
215
217
215
218
215
219
215
220
216
217
216
218
216
219
216
220
217
218
217
219
217
220
218
219
218
220
219
220
