41.6576412735403
41.6159419329265
41.5742425923127
41.5325432516989
41.490843911085
41.4491445704712
41.4074452298574
41.3657458892436
41.3240465486297
41.2823472080159
41.2406478674021
41.1989485267883
41.1572491861744
41.1155498455606
41.0738505049468
41.0321511643329
40.9904518237191
40.9487524831053
40.9070531424915
40.8653538018776
40.8236544612638
40.78195512065
40.7402557800362
40.6985564394223
40.6568570988085
40.6151577581947
40.5734584175809
40.531759076967
40.4900597363532
40.4483603957394
40.4066610551256
40.3649617145117
40.3232623738979
40.2815630332841
40.2398636926702
40.1981643520564
40.1564650114426
40.1147656708288
40.0730663302149
40.0313669896011
39.9896676489873
39.9479683083735
39.9062689677596
39.8645696271458
39.822870286532
39.7811709459182
39.7394716053043
39.6977722646905
39.6560729240767
39.6143735834629
39.572674242849
39.5309749022352
39.4892755616214
39.4475762210075
39.4058768803937
39.3641775397799
39.3224781991661
39.2807788585522
39.2390795179384
39.1973801773246
39.1556808367108
39.1139814960969
39.0722821554831
39.0305828148693
38.9888834742555
38.9471841336416
38.9054847930278
38.863785452414
38.8220861118001
38.7803867711863
38.7386874305725
38.6969880899587
38.6552887493448
38.613589408731
38.5718900681172
38.5301907275034
38.4884913868895
38.4467920462757
38.4050927056619
38.3633933650481
38.3216940244342
38.2799946838204
38.2382953432066
38.1965960025928
38.1548966619789
38.1131973213651
38.0714979807513
38.0297986401375
37.9880992995236
37.9463999589098
37.904700618296
37.8630012776821
37.8213019370683
37.7796025964545
37.7379032558407
37.6962039152268
37.654504574613
37.6128052339992
37.5711058933854
37.5294065527715
37.4877072121577
37.4460078715439
37.4043085309301
37.3626091903162
37.3209098497024
37.2792105090886
37.2375111684747
37.1958118278609
37.1541124872471
37.1124131466333
37.0707138060194
37.0290144654056
36.9873151247918
36.945615784178
36.9039164435641
36.8622171029503
36.8205177623365
36.7788184217227
36.7371190811088
36.695419740495
36.6537203998812
36.6120210592673
36.5703217186535
36.5286223780397
36.4869230374259
36.4452236968121
36.4035243561982
36.3618250155844
36.3201256749706
36.2784263343567
36.2367269937429
36.1950276531291
36.1533283125153
36.1116289719014
36.0699296312876
36.0282302906738
35.98653095006
35.9448316094461
35.9031322688323
35.8614329282185
35.8197335876047
35.7780342469908
35.736334906377
35.6946355657632
35.6529362251493
35.6112368845355
35.5695375439217
35.5278382033079
35.486138862694
35.4444395220802
35.4027401814664
35.3610408408526
35.3193415002387
35.2776421596249
35.2359428190111
35.1942434783973
35.1525441377834
35.1108447971696
35.0691454565558
35.0274461159419
34.9857467753281
34.9440474347143
34.9023480941005
34.8606487534866
34.8189494128728
34.777250072259
34.7355507316452
34.6938513910313
34.6521520504175
34.6104527098037
34.5687533691899
34.527054028576
34.4853546879622
34.4436553473484
34.4019560067346
34.3602566661207
34.3185573255069
34.2768579848931
34.2351586442793
34.1934593036654
34.1517599630516
34.1100606224378
34.0683612818239
34.0266619412101
33.9849626005963
33.9432632599825
33.9015639193686
33.8598645787548
33.818165238141
33.7764658975272
33.7347665569133
33.6930672162995
33.6513678756857
33.6096685350719
33.567969194458
33.5262698538442
33.4845705132304
33.4428711726165
33.4011718320027
33.3594724913889
33.3177731507751
33.2760738101612
33.2343744695474
33.1926751289336
33.1509757883198
33.1092764477059
33.0675771070921
33.0258777664783
32.9841784258645
32.9424790852506
32.9007797446368
32.859080404023
32.8173810634092
32.7756817227953
32.7339823821815
32.6922830415677
32.6505837009538
32.60888436034
32.5671850197262
32.5254856791124
32.4837863384985
32.4420869978847
32.4003876572709
32.3586883166571
32.3169889760432
32.2752896354294
32.2335902948156
32.1918909542018
32.1501916135879
32.1084922729741
32.0667929323603
32.0250935917465
31.9833942511326
31.9416949105188
31.899995569905
31.8582962292911
31.8165968886773
31.7748975480635
31.7331982074497
31.6914988668358
31.649799526222
31.6081001856082
31.5664008449944
31.5247015043805
31.4830021637667
31.4413028231529
31.3996034825391
31.3579041419252
31.3162048013114
31.2745054606976
31.2328061200838
31.1911067794699
31.1494074388561
31.1077080982423
31.0660087576284
31.0243094170146
30.9826100764008
30.940910735787
30.8992113951731
30.8575120545593
30.8158127139455
30.7741133733317
30.7324140327178
30.690714692104
30.6490153514902
30.6073160108764
30.5656166702625
30.5239173296487
30.4822179890349
30.440518648421
30.3988193078072
30.3571199671934
30.3154206265796
30.2737212859657
30.2320219453519
30.1903226047381
30.1486232641243
30.1069239235104
30.0652245828966
30.0235252422828
29.981825901669
29.9401265610551
29.8984272204413
29.8567278798275
29.8150285392137
29.7733291985998
29.731629857986
29.6899305173722
29.6482311767584
29.6065318361445
29.5648324955307
29.5231331549169
29.481433814303
29.4397344736892
29.3980351330754
29.3563357924616
29.3146364518477
29.2729371112339
29.2312377706201
29.1895384300063
29.1478390893924
29.1061397487786
29.0644404081648
29.022741067551
28.9810417269371
28.9393423863233
28.8976430457095
28.8559437050956
28.8142443644818
28.772545023868
28.7308456832542
28.6891463426403
28.6474470020265
28.6057476614127
28.5640483207989
28.522348980185
28.4806496395712
28.4389502989574
28.3972509583436
28.3555516177297
28.3138522771159
28.2721529365021
28.2304535958883
28.1887542552744
28.1470549146606
28.1053555740468
28.0636562334329
28.0219568928191
27.9802575522053
27.9385582115915
27.8968588709776
27.8551595303638
27.81346018975
27.7717608491362
27.7300615085223
27.6883621679085
27.6466628272947
27.6049634866809
27.563264146067
27.5215648054532
27.4798654648394
27.4381661242256
27.3964667836117
27.3547674429979
27.3130681023841
27.2713687617702
27.2296694211564
27.1879700805426
27.1462707399288
27.1045713993149
27.0628720587011
27.0211727180873
26.9794733774735
26.9377740368596
26.8960746962458
26.854375355632
26.8126760150182
26.7709766744043
26.7292773337905
26.6875779931767
26.6458786525628
26.604179311949
26.5624799713352
26.5207806307214
26.4790812901075
26.4373819494937
26.3956826088799
26.3539832682661
26.3122839276522
26.2705845870384
26.2288852464246
26.1871859058108
26.1454865651969
26.1037872245831
26.0620878839693
26.0203885433555
25.9786892027416
25.9369898621278
25.895290521514
25.8535911809001
25.8118918402863
25.7701924996725
25.7284931590587
25.6867938184448
25.645094477831
25.6033951372172
25.5616957966034
25.5199964559895
25.4782971153757
25.4365977747619
25.3948984341481
25.3531990935342
25.3114997529204
25.2698004123066
25.2281010716928
25.1864017310789
25.1447023904651
25.1030030498513
25.0613037092374
25.0196043686236
24.9779050280098
24.936205687396
24.8945063467821
24.8528070061683
24.8111076655545
24.7694083249407
24.7277089843268
24.686009643713
24.6443103030992
24.6026109624854
24.5609116218715
24.5192122812577
24.4775129406439
24.4358136000301
24.3941142594162
24.3524149188024
24.3107155781886
24.2690162375747
24.2273168969609
24.1856175563471
24.1439182157333
24.1022188751194
24.0605195345056
24.0188201938918
23.977120853278
23.9354215126641
23.8937221720503
23.8520228314365
23.8103234908227
23.7686241502088
23.726924809595
23.6852254689812
23.6435261283674
23.6018267877535
23.5601274471397
23.5184281065259
23.476728765912
23.4350294252982
23.3933300846844
23.3516307440706
23.3099314034567
23.2682320628429
23.2265327222291
23.1848333816153
23.1431340410014
23.1014347003876
23.0597353597738
23.01803601916
22.9763366785461
22.9346373379323
22.8929379973185
22.8512386567047
22.8095393160908
22.767839975477
22.7261406348632
22.6844412942493
22.6427419536355
22.6010426130217
22.5593432724079
22.517643931794
22.4759445911802
22.4342452505664
22.3925459099526
22.3508465693387
22.3091472287249
22.2674478881111
22.2257485474973
22.1840492068834
22.1423498662696
22.1006505256558
22.058951185042
22.0172518444281
21.9755525038143
21.9338531632005
21.8921538225866
21.8504544819728
21.808755141359
21.7670558007452
21.7253564601313
21.6836571195175
21.6419577789037
21.6002584382899
21.558559097676
21.5168597570622
21.4751604164484
21.4334610758346
21.3917617352207
21.3500623946069
21.3083630539931
21.2666637133792
21.2249643727654
21.1832650321516
21.1415656915378
21.0998663509239
21.0581670103101
21.0164676696963
20.9747683290825
20.9330689884686
20.8913696478548
20.849670307241
20.8079709666272
20.7662716260133
20.7245722853995
20.6828729447857
20.6411736041719
20.599474263558
20.5577749229442
20.5160755823304
20.4743762417165
20.4326769011027
20.3909775604889
20.3492782198751
20.3075788792612
20.2658795386474
20.2241801980336
20.1824808574198
20.1407815168059
20.0990821761921
20.0573828355783
20.0156834949645
19.9739841543506
19.9322848137368
19.890585473123
19.8488861325092
19.8071867918953
19.7654874512815
19.7237881106677
19.6820887700538
19.64038942944
19.5986900888262
19.5569907482124
19.5152914075985
19.4735920669847
19.4318927263709
19.3901933857571
19.3484940451432
19.3067947045294
19.2650953639156
19.2233960233018
19.1816966826879
19.1399973420741
19.0982980014603
19.0565986608465
19.0148993202326
18.9731999796188
18.931500639005
18.8898012983911
18.8481019577773
18.8064026171635
18.7647032765497
18.7230039359358
18.681304595322
18.6396052547082
18.5979059140944
18.5562065734805
18.5145072328667
18.4728078922529
18.4311085516391
18.3894092110252
18.3477098704114
18.3060105297976
18.2643111891838
18.2226118485699
18.1809125079561
18.1392131673423
18.0975138267284
18.0558144861146
18.0141151455008
17.972415804887
17.9307164642731
17.8890171236593
17.8473177830455
17.8056184424317
17.7639191018178
17.722219761204
17.6805204205902
17.6388210799764
17.5971217393625
17.5554223987487
17.5137230581349
17.4720237175211
17.4303243769072
17.3886250362934
17.3469256956796
17.3052263550657
17.2635270144519
17.2218276738381
17.1801283332243
17.1384289926104
17.0967296519966
17.0550303113828
17.013330970769
16.9716316301551
16.9299322895413
16.8882329489275
16.8465336083137
16.8048342676998
16.763134927086
16.7214355864722
16.6797362458584
16.6380369052445
16.5963375646307
16.5546382240169
16.512938883403
16.4712395427892
16.4295402021754
16.3878408615616
16.3461415209477
16.3044421803339
16.2627428397201
16.2210434991063
16.1793441584924
16.1376448178786
16.0959454772648
16.054246136651
16.0125467960371
15.9708474554233
15.9291481148095
15.8874487741956
15.8457494335818
15.804050092968
15.7623507523542
15.7206514117403
15.6789520711265
15.6372527305127
15.5955533898989
15.553854049285
15.5121547086712
15.4704553680574
15.4287560274436
15.3870566868297
15.3453573462159
15.3036580056021
15.2619586649883
15.2202593243744
15.1785599837606
15.1368606431468
15.0951613025329
15.0534619619191
15.0117626213053
14.9700632806915
14.9283639400776
14.8866645994638
14.84496525885
14.8032659182362
14.7615665776223
14.7198672370085
14.6781678963947
14.6364685557809
14.594769215167
14.5530698745532
14.5113705339394
14.4696711933256
14.4279718527117
14.3862725120979
14.3445731714841
14.3028738308702
14.2611744902564
14.2194751496426
14.1777758090288
14.1360764684149
14.0943771278011
14.0526777871873
14.0109784465735
13.9692791059596
13.9275797653458
13.885880424732
13.8441810841182
13.8024817435043
13.7607824028905
13.7190830622767
13.6773837216628
13.635684381049
13.5939850404352
13.5522856998214
13.5105863592075
13.4688870185937
13.4271876779799
13.3854883373661
13.3437889967522
13.3020896561384
13.2603903155246
13.2186909749108
13.1769916342969
13.1352922936831
13.0935929530693
13.0518936124555
13.0101942718416
12.9684949312278
12.926795590614
12.8850962500001
12.8433969093863
12.8016975687725
12.7599982281587
12.7182988875448
12.676599546931
12.6349002063172
12.5932008657034
12.5515015250895
12.5098021844757
12.4681028438619
12.4264035032481
12.3847041626342
12.3430048220204
12.3013054814066
12.2596061407928
12.2179068001789
12.1762074595651
12.1345081189513
12.0928087783374
12.0511094377236
12.0094100971098
11.967710756496
11.9260114158821
11.8843120752683
11.8426127346545
11.8009133940407
11.7592140534268
11.717514712813
11.6758153721992
11.6341160315854
11.5924166909715
11.5507173503577
11.5090180097439
11.4673186691301
11.4256193285162
11.3839199879024
11.3422206472886
11.3005213066747
11.2588219660609
11.2171226254471
11.1754232848333
11.1337239442194
11.0920246036056
11.0503252629918
11.008625922378
10.9669265817641
10.9252272411503
10.8835279005365
10.8418285599227
10.8001292193088
10.758429878695
10.7167305380812
10.6750311974674
10.6333318568535
10.5916325162397
10.5499331756259
10.508233835012
10.4665344943982
10.4248351537844
10.3831358131706
10.3414364725567
10.2997371319429
10.2580377913291
10.2163384507153
10.1746391101014
10.1329397694876
10.0912404288738
10.04954108826
10.0078417476461
9.9661424070323
9.92444306641848
9.88274372580465
9.84104438519082
9.799345044577
9.75764570396317
9.71594636334935
9.67424702273552
9.63254768212169
9.59084834150786
9.54914900089404
9.50744966028022
9.46575031966639
9.42405097905256
9.38235163843873
9.34065229782491
9.29895295721109
9.25725361659725
9.21555427598343
9.1738549353696
9.13215559475578
9.09045625414195
9.04875691352812
9.0070575729143
8.96535823230047
8.92365889168664
8.88195955107282
8.84026021045899
8.79856086984517
8.75686152923134
8.71516218861751
8.67346284800369
8.63176350738986
8.59006416677603
8.54836482616221
8.50666548554838
8.46496614493456
8.42326680432073
8.3815674637069
8.33986812309308
8.29816878247925
8.25646944186542
8.2147701012516
8.17307076063777
8.13137142002395
8.08967207941011
8.04797273879629
8.00627339818246
7.96457405756864
7.92287471695481
7.88117537634098
7.83947603572716
7.79777669511333
7.75607735449951
7.71437801388568
7.67267867327185
7.63097933265803
7.5892799920442
7.54758065143037
7.50588131081655
7.46418197020272
7.4224826295889
7.38078328897507
7.33908394836124
7.29738460774742
7.25568526713359
7.21398592651976
7.17228658590594
7.13058724529211
7.08888790467829
7.04718856406446
7.00548922345063
6.96378988283681
6.92209054222298
6.88039120160915
6.83869186099533
6.7969925203815
6.75529317976768
6.71359383915384
6.67189449854002
6.6301951579262
6.58849581731237
6.54679647669854
6.50509713608471
6.46339779547089
6.42169845485707
6.37999911424323
6.33829977362941
6.29660043301558
6.25490109240176
6.21320175178793
6.1715024111741
6.12980307056028
6.08810372994645
6.04640438933263
6.0047050487188
5.96300570810497
5.92130636749115
5.87960702687732
5.83790768626349
5.79620834564967
5.75450900503584
5.71280966442202
5.67111032380819
5.62941098319436
5.58771164258054
5.54601230196671
5.50431296135288
5.46261362073906
5.42091428012523
5.37921493951141
5.33751559889757
5.29581625828375
5.25411691766993
5.2124175770561
5.17071823644227
5.12901889582844
5.08731955521462
5.0456202146008
5.00392087398696
4.96222153337314
4.92052219275931
4.87882285214549
4.83712351153166
4.79542417091783
4.75372483030401
4.71202548969018
4.67032614907635
4.62862680846253
4.5869274678487
4.54522812723488
4.50352878662105
4.46182944600722
4.4201301053934
4.37843076477957
4.33673142416574
4.29503208355192
4.25333274293809
4.21163340232427
4.16993406171044
4.12823472109661
4.08653538048279
4.04483603986896
4.00313669925514
3.96143735864131
3.91973801802748
3.87803867741366
3.83633933679983
3.794639996186
3.75294065557217
3.71124131495835
3.66954197434453
3.62784263373069
3.58614329311687
3.54444395250304
3.50274461188922
3.46104527127539
3.41934593066156
3.37764659004774
3.33594724943391
3.29424790882008
3.25254856820626
3.21084922759243
3.16914988697861
3.12745054636478
3.08575120575095
3.04405186513713
3.0023525245233
2.96065318390947
2.91895384329565
2.87725450268182
2.835555162068
2.79385582145417
2.75215648084034
2.71045714022652
2.66875779961269
2.62705845899886
2.58535911838504
2.54365977777121
2.50196043715739
2.46026109654356
2.41856175592973
2.37686241531591
2.33516307470208
2.29346373408826
2.25176439347442
2.2100650528606
2.16836571224677
2.12666637163295
2.08496703101912
2.04326769040529
2.00156834979147
1.95986900917764
1.91816966856381
1.87647032794999
1.83477098733616
1.79307164672234
1.75137230610851
1.70967296549468
1.66797362488086
1.62627428426703
1.5845749436532
1.54287560303938
1.50117626242555
1.45947692181173
1.4177775811979
1.37607824058407
1.33437889997025
1.29267955935642
1.25098021874259
1.20928087812877
1.16758153751494
1.12588219690112
1.08418285628728
1.04248351567346
1.00078417505964
0.959084834445811
0.917385493831979
0.875686153218155
0.83398681260433
0.792287471990505
0.750588131376674
0.708888790762849
0.667189450149024
0.6254901095352
0.583790768921375
0.542091428307543
0.500392087693719
0.458692747079894
0.416993406466069
0.375294065852238
0.333594725238413
0.291895384624588
0.250196044010764
0.208496703396932
0.166797362783107
0.125098022169283
0.0833986815554582
0.0416993409416264
3.27802919552939e-10
