8.94455007414537
8.93559657057609
8.92664306700681
8.91768956343754
8.90873605986826
8.89978255629898
8.8908290527297
8.88187554916042
8.87292204559114
8.86396854202186
8.85501503845258
8.8460615348833
8.83710803131402
8.82815452774475
8.81920102417547
8.81024752060619
8.80129401703691
8.79234051346763
8.78338700989835
8.77443350632907
8.76548000275979
8.75652649919051
8.74757299562124
8.73861949205195
8.72966598848268
8.7207124849134
8.71175898134412
8.70280547777484
8.69385197420556
8.68489847063628
8.675944967067
8.66699146349772
8.65803795992844
8.64908445635917
8.64013095278989
8.63117744922061
8.62222394565133
8.61327044208205
8.60431693851277
8.59536343494349
8.58640993137421
8.57745642780493
8.56850292423566
8.55954942066638
8.5505959170971
8.54164241352782
8.53268890995854
8.52373540638926
8.51478190281998
8.5058283992507
8.49687489568142
8.48792139211214
8.47896788854286
8.47001438497359
8.46106088140431
8.45210737783503
8.44315387426575
8.43420037069647
8.42524686712719
8.41629336355791
8.40733985998863
8.39838635641935
8.38943285285007
8.3804793492808
8.37152584571152
8.36257234214224
8.35361883857296
8.34466533500368
8.3357118314344
8.32675832786512
8.31780482429584
8.30885132072656
8.29989781715729
8.29094431358801
8.28199081001873
8.27303730644945
8.26408380288017
8.25513029931089
8.24617679574161
8.23722329217233
8.22826978860305
8.21931628503377
8.21036278146449
8.20140927789522
8.19245577432594
8.18350227075666
8.17454876718738
8.1655952636181
8.15664176004882
8.14768825647954
8.13873475291026
8.12978124934098
8.12082774577171
8.11187424220243
8.10292073863315
8.09396723506387
8.08501373149459
8.07606022792531
8.06710672435603
8.05815322078675
8.04919971721747
8.04024621364819
8.03129271007892
8.02233920650964
8.01338570294036
8.00443219937108
7.9954786958018
7.98652519223252
7.97757168866324
7.96861818509396
7.95966468152468
7.95071117795541
7.94175767438613
7.93280417081685
7.92385066724757
7.91489716367829
7.90594366010901
7.89699015653973
7.88803665297045
7.87908314940117
7.87012964583189
7.86117614226262
7.85222263869334
7.84326913512406
7.83431563155478
7.8253621279855
7.81640862441622
7.80745512084694
7.79850161727766
7.78954811370838
7.7805946101391
7.77164110656983
7.76268760300055
7.75373409943127
7.74478059586199
7.73582709229271
7.72687358872343
7.71792008515415
7.70896658158487
7.70001307801559
7.69105957444631
7.68210607087704
7.67315256730776
7.66419906373848
7.6552455601692
7.64629205659992
7.63733855303064
7.62838504946136
7.61943154589208
7.6104780423228
7.60152453875352
7.59257103518425
7.58361753161497
7.57466402804569
7.56571052447641
7.55675702090713
7.54780351733785
7.53885001376857
7.52989651019929
7.52094300663001
7.51198950306073
7.50303599949146
7.49408249592218
7.4851289923529
7.47617548878362
7.46722198521434
7.45826848164506
7.44931497807578
7.4403614745065
7.43140797093722
7.42245446736795
7.41350096379867
7.40454746022939
7.39559395666011
7.38664045309083
7.37768694952155
7.36873344595227
7.35977994238299
7.35082643881371
7.34187293524443
7.33291943167515
7.32396592810588
7.3150124245366
7.30605892096732
7.29710541739804
7.28815191382876
7.27919841025948
7.2702449066902
7.26129140312092
7.25233789955164
7.24338439598236
7.23443089241309
7.22547738884381
7.21652388527453
7.20757038170525
7.19861687813597
7.18966337456669
7.18070987099741
7.17175636742813
7.16280286385885
7.15384936028958
7.1448958567203
7.13594235315102
7.12698884958174
7.11803534601246
7.10908184244318
7.1001283388739
7.09117483530462
7.08222133173534
7.07326782816607
7.06431432459679
7.05536082102751
7.04640731745823
7.03745381388895
7.02850031031967
7.01954680675039
7.01059330318111
7.00163979961183
6.99268629604255
6.98373279247327
6.974779288904
6.96582578533472
6.95687228176544
6.94791877819616
6.93896527462688
6.9300117710576
6.92105826748832
6.91210476391904
6.90315126034976
6.89419775678049
6.88524425321121
6.87629074964193
6.86733724607265
6.85838374250337
6.84943023893409
6.84047673536481
6.83152323179553
6.82256972822625
6.81361622465697
6.80466272108769
6.79570921751842
6.78675571394914
6.77780221037986
6.76884870681058
6.7598952032413
6.75094169967202
6.74198819610274
6.73303469253346
6.72408118896418
6.71512768539491
6.70617418182563
6.69722067825635
6.68826717468707
6.67931367111779
6.67036016754851
6.66140666397923
6.65245316040995
6.64349965684067
6.63454615327139
6.62559264970212
6.61663914613284
6.60768564256356
6.59873213899428
6.589778635425
6.58082513185572
6.57187162828644
6.56291812471716
6.55396462114788
6.54501111757861
6.53605761400933
6.52710411044005
6.51815060687077
6.50919710330149
6.50024359973221
6.49129009616293
6.48233659259365
6.47338308902437
6.46442958545509
6.45547608188581
6.44652257831654
6.43756907474726
6.42861557117798
6.4196620676087
6.41070856403942
6.40175506047014
6.39280155690086
6.38384805333158
6.3748945497623
6.36594104619302
6.35698754262375
6.34803403905447
6.33908053548519
6.33012703191591
6.32117352834663
6.31222002477735
6.30326652120807
6.29431301763879
6.28535951406951
6.27640601050024
6.26745250693096
6.25849900336168
6.2495454997924
6.24059199622312
6.23163849265384
6.22268498908456
6.21373148551528
6.204777981946
6.19582447837672
6.18687097480745
6.17791747123817
6.16896396766889
6.16001046409961
6.15105696053033
6.14210345696105
6.13314995339177
6.12419644982249
6.11524294625321
6.10628944268393
6.09733593911466
6.08838243554538
6.0794289319761
6.07047542840682
6.06152192483754
6.05256842126826
6.04361491769898
6.0346614141297
6.02570791056042
6.01675440699114
6.00780090342187
5.99884739985259
5.98989389628331
5.98094039271403
5.97198688914475
5.96303338557547
5.95407988200619
5.94512637843691
5.93617287486763
5.92721937129835
5.91826586772908
5.9093123641598
5.90035886059052
5.89140535702124
5.88245185345196
5.87349834988268
5.8645448463134
5.85559134274412
5.84663783917484
5.83768433560556
5.82873083203629
5.81977732846701
5.81082382489773
5.80187032132845
5.79291681775917
5.78396331418989
5.77500981062061
5.76605630705133
5.75710280348205
5.74814929991278
5.7391957963435
5.73024229277422
5.72128878920494
5.71233528563566
5.70338178206638
5.6944282784971
5.68547477492782
5.67652127135854
5.66756776778926
5.65861426421998
5.64966076065071
5.64070725708143
5.63175375351215
5.62280024994287
5.61384674637359
5.60489324280431
5.59593973923503
5.58698623566575
5.57803273209647
5.5690792285272
5.56012572495792
5.55117222138864
5.54221871781936
5.53326521425008
5.5243117106808
5.51535820711152
5.50640470354224
5.49745119997296
5.48849769640368
5.47954419283441
5.47059068926513
5.46163718569585
5.45268368212657
5.44373017855729
5.43477667498801
5.42582317141873
5.41686966784945
5.40791616428017
5.39896266071089
5.39000915714162
5.38105565357234
5.37210215000306
5.36314864643378
5.3541951428645
5.34524163929522
5.33628813572594
5.32733463215666
5.31838112858738
5.3094276250181
5.30047412144883
5.29152061787955
5.28256711431027
5.27361361074099
5.26466010717171
5.25570660360243
5.24675310003315
5.23779959646387
5.22884609289459
5.21989258932532
5.21093908575604
5.20198558218676
5.19303207861748
5.1840785750482
5.17512507147892
5.16617156790964
5.15721806434036
5.14826456077108
5.1393110572018
5.13035755363252
5.12140405006325
5.11245054649397
5.10349704292469
5.09454353935541
5.08559003578613
5.07663653221685
5.06768302864757
5.05872952507829
5.04977602150901
5.04082251793974
5.03186901437046
5.02291551080118
5.0139620072319
5.00500850366262
4.99605500009334
4.98710149652406
4.97814799295478
4.9691944893855
4.96024098581622
4.95128748224695
4.94233397867767
4.93338047510839
4.92442697153911
4.91547346796983
4.90651996440055
4.89756646083127
4.88861295726199
4.87965945369271
4.87070595012344
4.86175244655416
4.85279894298488
4.8438454394156
4.83489193584632
4.82593843227704
4.81698492870776
4.80803142513848
4.7990779215692
4.79012441799992
4.78117091443065
4.77221741086137
4.76326390729209
4.75431040372281
4.74535690015353
4.73640339658425
4.72744989301497
4.71849638944569
4.70954288587641
4.70058938230713
4.69163587873785
4.68268237516858
4.6737288715993
4.66477536803002
4.65582186446074
4.64686836089146
4.63791485732218
4.6289613537529
4.62000785018362
4.61105434661434
4.60210084304506
4.59314733947579
4.58419383590651
4.57524033233723
4.56628682876795
4.55733332519867
4.54837982162939
4.53942631806011
4.53047281449083
4.52151931092155
4.51256580735228
4.503612303783
4.49465880021372
4.48570529664444
4.47675179307516
4.46779828950588
4.4588447859366
4.44989128236732
4.44093777879804
4.43198427522876
4.42303077165949
4.41407726809021
4.40512376452093
4.39617026095165
4.38721675738237
4.37826325381309
4.36930975024381
4.36035624667453
4.35140274310525
4.34244923953597
4.3334957359667
4.32454223239742
4.31558872882814
4.30663522525886
4.29768172168958
4.2887282181203
4.27977471455102
4.27082121098174
4.26186770741246
4.25291420384318
4.24396070027391
4.23500719670463
4.22605369313535
4.21710018956607
4.20814668599679
4.19919318242751
4.19023967885823
4.18128617528895
4.17233267171967
4.16337916815039
4.15442566458112
4.14547216101184
4.13651865744256
4.12756515387328
4.118611650304
4.10965814673472
4.10070464316544
4.09175113959616
4.08279763602688
4.07384413245761
4.06489062888833
4.05593712531905
4.04698362174977
4.03803011818049
4.02907661461121
4.02012311104193
4.01116960747265
4.00221610390337
3.99326260033409
3.98430909676482
3.97535559319554
3.96640208962626
3.95744858605698
3.9484950824877
3.93954157891842
3.93058807534914
3.92163457177986
3.91268106821058
3.9037275646413
3.89477406107203
3.88582055750275
3.87686705393347
3.86791355036419
3.85896004679491
3.85000654322563
3.84105303965635
3.83209953608707
3.82314603251779
3.81419252894851
3.80523902537924
3.79628552180996
3.78733201824068
3.7783785146714
3.76942501110212
3.76047150753284
3.75151800396356
3.74256450039428
3.733610996825
3.72465749325572
3.71570398968645
3.70675048611717
3.69779698254789
3.68884347897861
3.67988997540933
3.67093647184005
3.66198296827077
3.65302946470149
3.64407596113221
3.63512245756294
3.62616895399366
3.61721545042438
3.6082619468551
3.59930844328582
3.59035493971654
3.58140143614726
3.57244793257798
3.5634944290087
3.55454092543942
3.54558742187015
3.53663391830087
3.52768041473159
3.51872691116231
3.50977340759303
3.50081990402375
3.49186640045447
3.48291289688519
3.47395939331591
3.46500588974663
3.45605238617736
3.44709888260808
3.4381453790388
3.42919187546952
3.42023837190024
3.41128486833096
3.40233136476168
3.3933778611924
3.38442435762312
3.37547085405384
3.36651735048457
3.35756384691529
3.34861034334601
3.33965683977673
3.33070333620745
3.32174983263817
3.31279632906889
3.30384282549961
3.29488932193033
3.28593581836105
3.27698231479178
3.2680288112225
3.25907530765322
3.25012180408394
3.24116830051466
3.23221479694538
3.2232612933761
3.21430778980682
3.20535428623754
3.19640078266826
3.18744727909899
3.17849377552971
3.16954027196043
3.16058676839115
3.15163326482187
3.14267976125259
3.13372625768331
3.12477275411403
3.11581925054475
3.10686574697548
3.0979122434062
3.08895873983692
3.08000523626764
3.07105173269836
3.06209822912908
3.0531447255598
3.04419122199052
3.03523771842124
3.02628421485196
3.01733071128269
3.00837720771341
2.99942370414413
2.99047020057485
2.98151669700557
2.97256319343629
2.96360968986701
2.95465618629773
2.94570268272845
2.93674917915917
2.9277956755899
2.91884217202062
2.90988866845134
2.90093516488206
2.89198166131278
2.8830281577435
2.87407465417422
2.86512115060494
2.85616764703566
2.84721414346638
2.83826063989711
2.82930713632783
2.82035363275855
2.81140012918927
2.80244662561999
2.79349312205071
2.78453961848143
2.77558611491215
2.76663261134287
2.75767910777359
2.74872560420432
2.73977210063504
2.73081859706576
2.72186509349648
2.7129115899272
2.70395808635792
2.69500458278864
2.68605107921936
2.67709757565008
2.66814407208081
2.65919056851153
2.65023706494225
2.64128356137297
2.63233005780369
2.62337655423441
2.61442305066513
2.60546954709585
2.59651604352657
2.58756253995729
2.57860903638802
2.56965553281874
2.56070202924946
2.55174852568018
2.5427950221109
2.53384151854162
2.52488801497234
2.51593451140306
2.50698100783378
2.4980275042645
2.48907400069523
2.48012049712595
2.47116699355667
2.46221348998739
2.45325998641811
2.44430648284883
2.43535297927955
2.42639947571027
2.41744597214099
2.40849246857171
2.39953896500244
2.39058546143316
2.38163195786388
2.3726784542946
2.36372495072532
2.35477144715604
2.34581794358676
2.33686444001748
2.3279109364482
2.31895743287892
2.31000392930965
2.30105042574037
2.29209692217109
2.28314341860181
2.27418991503253
2.26523641146325
2.25628290789397
2.24732940432469
2.23837590075541
2.22942239718614
2.22046889361686
2.21151539004758
2.2025618864783
2.19360838290902
2.18465487933974
2.17570137577046
2.16674787220118
2.1577943686319
2.14884086506262
2.13988736149334
2.13093385792407
2.12198035435479
2.11302685078551
2.10407334721623
2.09511984364695
2.08616634007767
2.07721283650839
2.06825933293911
2.05930582936983
2.05035232580055
2.04139882223128
2.032445318662
2.02349181509272
2.01453831152344
2.00558480795416
1.99663130438488
1.9876778008156
1.97872429724632
1.96977079367704
1.96081729010776
1.95186378653849
1.94291028296921
1.93395677939993
1.92500327583065
1.91604977226137
1.90709626869209
1.89814276512281
1.88918926155353
1.88023575798425
1.87128225441498
1.8623287508457
1.85337524727642
1.84442174370714
1.83546824013786
1.82651473656858
1.8175612329993
1.80860772943002
1.79965422586074
1.79070072229146
1.78174721872219
1.77279371515291
1.76384021158363
1.75488670801435
1.74593320444507
1.73697970087579
1.72802619730651
1.71907269373723
1.71011919016795
1.70116568659867
1.6922121830294
1.68325867946012
1.67430517589084
1.66535167232156
1.65639816875228
1.647444665183
1.63849116161372
1.62953765804444
1.62058415447516
1.61163065090588
1.60267714733661
1.59372364376733
1.58477014019805
1.57581663662877
1.56686313305949
1.55790962949021
1.54895612592093
1.54000262235165
1.53104911878237
1.52209561521309
1.51314211164382
1.50418860807454
1.49523510450526
1.48628160093598
1.4773280973667
1.46837459379742
1.45942109022814
1.45046758665886
1.44151408308958
1.43256057952031
1.42360707595103
1.41465357238175
1.40570006881247
1.39674656524319
1.38779306167391
1.37883955810463
1.36988605453535
1.36093255096607
1.35197904739679
1.34302554382752
1.33407204025824
1.32511853668896
1.31616503311968
1.3072115295504
1.29825802598112
1.28930452241184
1.28035101884256
1.27139751527328
1.262444011704
1.25349050813473
1.24453700456545
1.23558350099617
1.22662999742689
1.21767649385761
1.20872299028833
1.19976948671905
1.19081598314977
1.18186247958049
1.17290897601121
1.16395547244194
1.15500196887266
1.14604846530338
1.1370949617341
1.12814145816482
1.11918795459554
1.11023445102626
1.10128094745698
1.0923274438877
1.08337394031842
1.07442043674915
1.06546693317987
1.05651342961059
1.04755992604131
1.03860642247203
1.02965291890275
1.02069941533347
1.01174591176419
1.00279240819491
0.993838904625635
0.984885401056356
0.975931897487077
0.966978393917798
0.958024890348519
0.94907138677924
0.940117883209961
0.931164379640682
0.922210876071404
0.913257372502125
0.904303868932844
0.895350365363566
0.886396861794287
0.877443358225008
0.86848985465573
0.859536351086451
0.850582847517172
0.841629343947892
0.832675840378613
0.823722336809334
0.814768833240056
0.805815329670777
0.796861826101498
0.787908322532218
0.778954818962939
0.77000131539366
0.761047811824382
0.752094308255103
0.743140804685824
0.734187301116545
0.725233797547265
0.716280293977986
0.707326790408707
0.698373286839429
0.68941978327015
0.680466279700871
0.671512776131591
0.662559272562312
0.653605768993033
0.644652265423755
0.635698761854476
0.626745258285197
0.617791754715919
0.608838251146638
0.599884747577359
0.590931244008081
0.581977740438802
0.573024236869523
0.564070733300245
0.555117229730964
0.546163726161685
0.537210222592407
0.528256719023128
0.519303215453849
0.510349711884571
0.50139620831529
0.492442704746011
0.483489201176733
0.474535697607454
0.465582194038175
0.456628690468897
0.447675186899618
0.438721683330337
0.429768179761059
0.42081467619178
0.411861172622501
0.402907669053223
0.393954165483944
0.385000661914663
0.376047158345385
0.367093654776106
0.358140151206827
0.349186647637548
0.34023314406827
0.331279640498991
0.322326136929711
0.313372633360432
0.304419129791153
0.295465626221874
0.286512122652596
0.277558619083317
0.268605115514037
0.259651611944758
0.250698108375479
0.2417446048062
0.232791101236922
0.223837597667643
0.214884094098364
0.205930590529084
0.196977086959805
0.188023583390526
0.179070079821248
0.170116576251969
0.16116307268269
0.15220956911341
0.143256065544131
0.134302561974852
0.125349058405574
0.116395554836295
0.107442051267016
0.0984885476977375
0.089535044128457
0.0805815405591783
0.0716280369898996
0.0626745334206209
0.0537210298513422
0.0447675262820635
0.035814022712783
0.0268605191435043
0.0179070155742256
0.00895351200494687
8.43566752238041e-09
