29.6286670913393
29.5990087659239
29.5693504405086
29.5396921150932
29.5100337896779
29.4803754642625
29.4507171388472
29.4210588134319
29.3914004880165
29.3617421626012
29.3320838371858
29.3024255117705
29.2727671863551
29.2431088609398
29.2134505355244
29.1837922101091
29.1541338846938
29.1244755592784
29.0948172338631
29.0651589084477
29.0355005830324
29.005842257617
28.9761839322017
28.9465256067863
28.916867281371
28.8872089559557
28.8575506305403
28.827892305125
28.7982339797096
28.7685756542943
28.7389173288789
28.7092590034636
28.6796006780482
28.6499423526329
28.6202840272176
28.5906257018022
28.5609673763869
28.5313090509715
28.5016507255562
28.4719924001408
28.4423340747255
28.4126757493102
28.3830174238948
28.3533590984795
28.3237007730641
28.2940424476488
28.2643841222334
28.2347257968181
28.2050674714027
28.1754091459874
28.1457508205721
28.1160924951567
28.0864341697414
28.056775844326
28.0271175189107
27.9974591934953
27.96780086808
27.9381425426646
27.9084842172493
27.878825891834
27.8491675664186
27.8195092410033
27.7898509155879
27.7601925901726
27.7305342647572
27.7008759393419
27.6712176139265
27.6415592885112
27.6119009630959
27.5822426376805
27.5525843122652
27.5229259868498
27.4932676614345
27.4636093360191
27.4339510106038
27.4042926851884
27.3746343597731
27.3449760343578
27.3153177089424
27.2856593835271
27.2560010581117
27.2263427326964
27.196684407281
27.1670260818657
27.1373677564504
27.107709431035
27.0780511056197
27.0483927802043
27.018734454789
26.9890761293736
26.9594178039583
26.9297594785429
26.9001011531276
26.8704428277123
26.8407845022969
26.8111261768816
26.7814678514662
26.7518095260509
26.7221512006355
26.6924928752202
26.6628345498048
26.6331762243895
26.6035178989742
26.5738595735588
26.5442012481435
26.5145429227281
26.4848845973128
26.4552262718974
26.4255679464821
26.3959096210667
26.3662512956514
26.3365929702361
26.3069346448207
26.2772763194054
26.24761799399
26.2179596685747
26.1883013431593
26.158643017744
26.1289846923287
26.0993263669133
26.069668041498
26.0400097160826
26.0103513906673
25.9806930652519
25.9510347398366
25.9213764144212
25.8917180890059
25.8620597635906
25.8324014381752
25.8027431127599
25.7730847873445
25.7434264619292
25.7137681365138
25.6841098110985
25.6544514856831
25.6247931602678
25.5951348348525
25.5654765094371
25.5358181840218
25.5061598586064
25.4765015331911
25.4468432077757
25.4171848823604
25.387526556945
25.3578682315297
25.3282099061144
25.298551580699
25.2688932552837
25.2392349298683
25.209576604453
25.1799182790376
25.1502599536223
25.1206016282069
25.0909433027916
25.0612849773763
25.0316266519609
25.0019683265456
24.9723100011302
24.9426516757149
24.9129933502995
24.8833350248842
24.8536766994688
24.8240183740535
24.7943600486382
24.7647017232228
24.7350433978075
24.7053850723921
24.6757267469768
24.6460684215614
24.6164100961461
24.5867517707308
24.5570934453154
24.5274351199001
24.4977767944847
24.4681184690694
24.438460143654
24.4088018182387
24.3791434928233
24.349485167408
24.3198268419927
24.2901685165773
24.260510191162
24.2308518657466
24.2011935403313
24.1715352149159
24.1418768895006
24.1122185640852
24.0825602386699
24.0529019132546
24.0232435878392
23.9935852624239
23.9639269370085
23.9342686115932
23.9046102861778
23.8749519607625
23.8452936353471
23.8156353099318
23.7859769845165
23.7563186591011
23.7266603336858
23.6970020082704
23.6673436828551
23.6376853574397
23.6080270320244
23.5783687066091
23.5487103811937
23.5190520557784
23.489393730363
23.4597354049477
23.4300770795323
23.400418754117
23.3707604287016
23.3411021032863
23.311443777871
23.2817854524556
23.2521271270403
23.2224688016249
23.1928104762096
23.1631521507942
23.1334938253789
23.1038354999635
23.0741771745482
23.0445188491329
23.0148605237175
22.9852021983022
22.9555438728868
22.9258855474715
22.8962272220561
22.8665688966408
22.8369105712254
22.8072522458101
22.7775939203948
22.7479355949794
22.7182772695641
22.6886189441487
22.6589606187334
22.629302293318
22.5996439679027
22.5699856424873
22.540327317072
22.5106689916567
22.4810106662413
22.451352340826
22.4216940154106
22.3920356899953
22.3623773645799
22.3327190391646
22.3030607137493
22.2734023883339
22.2437440629186
22.2140857375032
22.1844274120879
22.1547690866725
22.1251107612572
22.0954524358418
22.0657941104265
22.0361357850112
22.0064774595958
21.9768191341805
21.9471608087651
21.9175024833498
21.8878441579344
21.8581858325191
21.8285275071037
21.7988691816884
21.7692108562731
21.7395525308577
21.7098942054424
21.680235880027
21.6505775546117
21.6209192291963
21.591260903781
21.5616025783657
21.5319442529503
21.502285927535
21.4726276021196
21.4429692767043
21.4133109512889
21.3836526258736
21.3539943004582
21.3243359750429
21.2946776496276
21.2650193242122
21.2353609987969
21.2057026733815
21.1760443479662
21.1463860225508
21.1167276971355
21.0870693717201
21.0574110463048
21.0277527208895
20.9980943954741
20.9684360700588
20.9387777446434
20.9091194192281
20.8794610938127
20.8498027683974
20.820144442982
20.7904861175667
20.7608277921514
20.731169466736
20.7015111413207
20.6718528159053
20.64219449049
20.6125361650746
20.5828778396593
20.5532195142439
20.5235611888286
20.4939028634133
20.4642445379979
20.4345862125826
20.4049278871672
20.3752695617519
20.3456112363365
20.3159529109212
20.2862945855058
20.2566362600905
20.2269779346752
20.1973196092598
20.1676612838445
20.1380029584291
20.1083446330138
20.0786863075984
20.0490279821831
20.0193696567678
19.9897113313524
19.9600530059371
19.9303946805217
19.9007363551064
19.871078029691
19.8414197042757
19.8117613788603
19.782103053445
19.7524447280297
19.7227864026143
19.693128077199
19.6634697517836
19.6338114263683
19.6041531009529
19.5744947755376
19.5448364501222
19.5151781247069
19.4855197992916
19.4558614738762
19.4262031484609
19.3965448230455
19.3668864976302
19.3372281722148
19.3075698467995
19.2779115213841
19.2482531959688
19.2185948705535
19.1889365451381
19.1592782197228
19.1296198943074
19.0999615688921
19.0703032434767
19.0406449180614
19.0109865926461
18.9813282672307
18.9516699418154
18.9220116164
18.8923532909847
18.8626949655693
18.833036640154
18.8033783147386
18.7737199893233
18.744061663908
18.7144033384926
18.6847450130773
18.6550866876619
18.6254283622466
18.5957700368312
18.5661117114159
18.5364533860005
18.5067950605852
18.4771367351699
18.4474784097545
18.4178200843392
18.3881617589238
18.3585034335085
18.3288451080931
18.2991867826778
18.2695284572624
18.2398701318471
18.2102118064318
18.1805534810164
18.1508951556011
18.1212368301857
18.0915785047704
18.061920179355
18.0322618539397
18.0026035285244
17.972945203109
17.9432868776937
17.9136285522783
17.883970226863
17.8543119014476
17.8246535760323
17.7949952506169
17.7653369252016
17.7356785997863
17.7060202743709
17.6763619489556
17.6467036235402
17.6170452981249
17.5873869727095
17.5577286472942
17.5280703218788
17.4984119964635
17.4687536710482
17.4390953456328
17.4094370202175
17.3797786948021
17.3501203693868
17.3204620439714
17.2908037185561
17.2611453931407
17.2314870677254
17.2018287423101
17.1721704168947
17.1425120914794
17.112853766064
17.0831954406487
17.0535371152333
17.023878789818
16.9942204644026
16.9645621389873
16.934903813572
16.9052454881566
16.8755871627413
16.8459288373259
16.8162705119106
16.7866121864952
16.7569538610799
16.7272955356646
16.6976372102492
16.6679788848339
16.6383205594185
16.6086622340032
16.5790039085878
16.5493455831725
16.5196872577571
16.4900289323418
16.4603706069265
16.4307122815111
16.4010539560958
16.3713956306804
16.3417373052651
16.3120789798497
16.2824206544344
16.252762329019
16.2231040036037
16.1934456781884
16.163787352773
16.1341290273577
16.1044707019423
16.074812376527
16.0451540511116
16.0154957256963
15.9858374002809
15.9561790748656
15.9265207494503
15.8968624240349
15.8672040986196
15.8375457732042
15.8078874477889
15.7782291223735
15.7485707969582
15.7189124715429
15.6892541461275
15.6595958207122
15.6299374952968
15.6002791698815
15.5706208444661
15.5409625190508
15.5113041936354
15.4816458682201
15.4519875428048
15.4223292173894
15.3926708919741
15.3630125665587
15.3333542411434
15.303695915728
15.2740375903127
15.2443792648973
15.214720939482
15.1850626140667
15.1554042886513
15.125745963236
15.0960876378206
15.0664293124053
15.0367709869899
15.0071126615746
14.9774543361592
14.9477960107439
14.9181376853286
14.8884793599132
14.8588210344979
14.8291627090825
14.7995043836672
14.7698460582518
14.7401877328365
14.7105294074211
14.6808710820058
14.6512127565905
14.6215544311751
14.5918961057598
14.5622377803444
14.5325794549291
14.5029211295137
14.4732628040984
14.4436044786831
14.4139461532677
14.3842878278524
14.354629502437
14.3249711770217
14.2953128516063
14.265654526191
14.2359962007756
14.2063378753603
14.176679549945
14.1470212245296
14.1173628991143
14.0877045736989
14.0580462482836
14.0283879228682
13.9987295974529
13.9690712720375
13.9394129466222
13.9097546212069
13.8800962957915
13.8504379703762
13.8207796449608
13.7911213195455
13.7614629941301
13.7318046687148
13.7021463432994
13.6724880178841
13.6428296924688
13.6131713670534
13.5835130416381
13.5538547162227
13.5241963908074
13.494538065392
13.4648797399767
13.4352214145614
13.405563089146
13.3759047637307
13.3462464383153
13.3165881129
13.2869297874846
13.2572714620693
13.2276131366539
13.1979548112386
13.1682964858233
13.1386381604079
13.1089798349926
13.0793215095772
13.0496631841619
13.0200048587465
12.9903465333312
12.9606882079158
12.9310298825005
12.9013715570852
12.8717132316698
12.8420549062545
12.8123965808391
12.7827382554238
12.7530799300084
12.7234216045931
12.6937632791777
12.6641049537624
12.6344466283471
12.6047883029317
12.5751299775164
12.545471652101
12.5158133266857
12.4861550012703
12.456496675855
12.4268383504396
12.3971800250243
12.367521699609
12.3378633741936
12.3082050487783
12.2785467233629
12.2488883979476
12.2192300725322
12.1895717471169
12.1599134217015
12.1302550962862
12.1005967708709
12.0709384454555
12.0412801200402
12.0116217946248
11.9819634692095
11.9523051437941
11.9226468183788
11.8929884929635
11.8633301675481
11.8336718421328
11.8040135167174
11.7743551913021
11.7446968658867
11.7150385404714
11.685380215056
11.6557218896407
11.6260635642254
11.59640523881
11.5667469133947
11.5370885879793
11.507430262564
11.4777719371486
11.4481136117333
11.4184552863179
11.3887969609026
11.3591386354873
11.3294803100719
11.2998219846566
11.2701636592412
11.2405053338259
11.2108470084105
11.1811886829952
11.1515303575799
11.1218720321645
11.0922137067492
11.0625553813338
11.0328970559185
11.0032387305031
10.9735804050878
10.9439220796724
10.9142637542571
10.8846054288418
10.8549471034264
10.8252887780111
10.7956304525957
10.7659721271804
10.736313801765
10.7066554763497
10.6769971509343
10.647338825519
10.6176805001037
10.5880221746883
10.558363849273
10.5287055238576
10.4990471984423
10.4693888730269
10.4397305476116
10.4100722221962
10.3804138967809
10.3507555713656
10.3210972459502
10.2914389205349
10.2617805951195
10.2321222697042
10.2024639442888
10.1728056188735
10.1431472934581
10.1134889680428
10.0838306426275
10.0541723172121
10.0245139917968
9.99485566638143
9.96519734096608
9.93553901555074
9.90588069013539
9.87622236472005
9.84656403930471
9.81690571388936
9.78724738847402
9.75758906305867
9.72793073764333
9.69827241222799
9.66861408681264
9.6389557613973
9.60929743598195
9.57963911056661
9.54998078515127
9.52032245973592
9.49066413432058
9.46100580890523
9.43134748348989
9.40168915807454
9.3720308326592
9.34237250724386
9.31271418182851
9.28305585641317
9.25339753099782
9.22373920558248
9.19408088016714
9.16442255475179
9.13476422933645
9.1051059039211
9.07544757850576
9.04578925309042
9.01613092767507
8.98647260225973
8.95681427684438
8.92715595142904
8.89749762601369
8.86783930059835
8.838180975183
8.80852264976766
8.77886432435232
8.74920599893697
8.71954767352163
8.68988934810628
8.66023102269094
8.6305726972756
8.60091437186025
8.57125604644491
8.54159772102956
8.51193939561422
8.48228107019888
8.45262274478353
8.42296441936819
8.39330609395284
8.3636477685375
8.33398944312215
8.30433111770681
8.27467279229147
8.24501446687612
8.21535614146078
8.18569781604543
8.15603949063009
8.12638116521475
8.0967228397994
8.06706451438406
8.03740618896871
8.00774786355337
7.97808953813803
7.94843121272268
7.91877288730734
7.88911456189199
7.85945623647665
7.82979791106131
7.80013958564596
7.77048126023061
7.74082293481527
7.71116460939993
7.68150628398458
7.65184795856924
7.62218963315389
7.59253130773855
7.56287298232321
7.53321465690786
7.50355633149252
7.47389800607717
7.44423968066183
7.41458135524649
7.38492302983114
7.3552647044158
7.32560637900045
7.29594805358511
7.26628972816977
7.23663140275442
7.20697307733908
7.17731475192373
7.14765642650839
7.11799810109304
7.0883397756777
7.05868145026236
7.02902312484701
6.99936479943167
6.96970647401632
6.94004814860098
6.91038982318564
6.88073149777029
6.85107317235495
6.8214148469396
6.79175652152426
6.76209819610892
6.73243987069357
6.70278154527822
6.67312321986288
6.64346489444754
6.61380656903219
6.58414824361685
6.5544899182015
6.52483159278616
6.49517326737082
6.46551494195547
6.43585661654013
6.40619829112478
6.37653996570944
6.3468816402941
6.31722331487875
6.28756498946341
6.25790666404806
6.22824833863272
6.19859001321738
6.16893168780203
6.13927336238669
6.10961503697134
6.079956711556
6.05029838614065
6.02064006072531
5.99098173530997
5.96132340989462
5.93166508447928
5.90200675906393
5.87234843364859
5.84269010823325
5.8130317828179
5.78337345740256
5.75371513198721
5.72405680657187
5.69439848115653
5.66474015574118
5.63508183032584
5.60542350491049
5.57576517949515
5.5461068540798
5.51644852866446
5.48679020324911
5.45713187783377
5.42747355241843
5.39781522700308
5.36815690158774
5.33849857617239
5.30884025075705
5.27918192534171
5.24952359992636
5.21986527451102
5.19020694909567
5.16054862368033
5.13089029826499
5.10123197284964
5.0715736474343
5.04191532201895
5.01225699660361
4.98259867118826
4.95294034577292
4.92328202035758
4.89362369494223
4.86396536952689
4.83430704411154
4.8046487186962
4.77499039328086
4.74533206786551
4.71567374245017
4.68601541703482
4.65635709161948
4.62669876620414
4.59704044078879
4.56738211537345
4.5377237899581
4.50806546454276
4.47840713912741
4.44874881371207
4.41909048829672
4.38943216288138
4.35977383746604
4.33011551205069
4.30045718663535
4.27079886122
4.24114053580466
4.21148221038932
4.18182388497397
4.15216555955863
4.12250723414328
4.09284890872794
4.0631905833126
4.03353225789725
4.00387393248191
3.97421560706657
3.94455728165122
3.91489895623587
3.88524063082053
3.85558230540519
3.82592397998984
3.7962656545745
3.76660732915915
3.73694900374381
3.70729067832847
3.67763235291312
3.64797402749778
3.61831570208243
3.58865737666709
3.55899905125175
3.5293407258364
3.49968240042106
3.47002407500571
3.44036574959037
3.41070742417503
3.38104909875968
3.35139077334433
3.32173244792899
3.29207412251365
3.2624157970983
3.23275747168296
3.20309914626761
3.17344082085227
3.14378249543693
3.11412417002158
3.08446584460624
3.05480751919089
3.02514919377555
2.99549086836021
2.96583254294486
2.93617421752952
2.90651589211418
2.87685756669883
2.84719924128348
2.81754091586814
2.7878825904528
2.75822426503745
2.72856593962211
2.69890761420676
2.66924928879142
2.63959096337608
2.60993263796073
2.58027431254539
2.55061598713004
2.5209576617147
2.49129933629936
2.46164101088401
2.43198268546867
2.40232436005332
2.37266603463798
2.34300770922264
2.31334938380729
2.28369105839194
2.2540327329766
2.22437440756126
2.19471608214591
2.16505775673057
2.13539943131522
2.10574110589988
2.07608278048454
2.04642445506919
2.01676612965385
1.98710780423851
1.95744947882316
1.92779115340782
1.89813282799247
1.86847450257713
1.83881617716179
1.80915785174644
1.7794995263311
1.74984120091575
1.72018287550041
1.69052455008506
1.66086622466972
1.63120789925437
1.60154957383903
1.57189124842369
1.54223292300834
1.512574597593
1.48291627217765
1.45325794676231
1.42359962134697
1.39394129593162
1.36428297051628
1.33462464510093
1.30496631968559
1.27530799427025
1.2456496688549
1.21599134343956
1.18633301802421
1.15667469260887
1.12701636719352
1.09735804177818
1.06769971636284
1.03804139094749
1.00838306553215
0.978724740116803
0.949066414701459
0.919408089286115
0.889749763870771
0.860091438455427
0.830433113040083
0.800774787624739
0.771116462209395
0.741458136794051
0.711799811378707
0.682141485963363
0.652483160548019
0.622824835132672
0.593166509717328
0.563508184301984
0.53384985888664
0.504191533471296
0.474533208055952
0.444874882640608
0.415216557225264
0.38555823180992
0.355899906394576
0.326241580979232
0.296583255563888
0.266924930148544
0.2372666047332
0.207608279317856
0.177949953902512
0.148291628487168
0.118633303071825
0.0889749776564805
0.059316652241133
0.0296583268257891
1.41044628006397e-09
