1000
869.749002617783
756.463327554629
657.933224657568
572.236765935022
497.702356433211
432.876128108306
376.493580679247
327.454916287773
284.80358684358
247.707635599171
215.443469003188
187.381742286038
162.975083462064
141.74741629268
123.284673944207
107.226722201032
93.260334688322
81.1130830789687
70.5480231071864
61.3590727341317
53.3669923120631
46.4158883361278
40.3701725859655
35.1119173421513
30.5385550883342
26.5608778294669
23.1012970008316
20.0923300256505
17.4752840000768
15.1991108295293
13.2194114846603
11.4975699539774
10
8.69749002617784
7.56463327554629
6.57933224657568
5.72236765935022
4.97702356433211
4.32876128108306
3.76493580679247
3.27454916287773
2.8480358684358
2.47707635599171
2.15443469003188
1.87381742286038
1.62975083462064
1.41747416292681
1.23284673944207
1.07226722201032
0.93260334688322
0.811130830789688
0.705480231071865
0.613590727341318
0.533669923120631
0.464158883361278
0.403701725859655
0.351119173421513
0.305385550883342
0.265608778294669
0.231012970008316
0.200923300256505
0.174752840000768
0.151991108295294
0.132194114846603
0.114975699539774
0.1
0.0869749002617783
0.075646332755463
0.0657933224657568
0.0572236765935022
0.0497702356433211
0.0432876128108306
0.0376493580679247
0.0327454916287773
0.028480358684358
0.0247707635599171
0.0215443469003188
0.0187381742286039
0.0162975083462065
0.0141747416292681
0.0123284673944207
0.0107226722201032
0.00932603346883221
0.00811130830789687
0.00705480231071865
0.00613590727341317
0.00533669923120632
0.00464158883361278
0.00403701725859656
0.00351119173421513
0.00305385550883342
0.00265608778294669
0.00231012970008316
0.00200923300256505
0.00174752840000769
0.00151991108295294
0.00132194114846603
0.00114975699539774
0.001
