2.40921848671894
2.38488294833894
2.36054740995894
2.33621187157893
2.31187633319893
2.28754079481893
2.26320525643892
2.23886971805892
2.21453417967892
2.19019864129891
2.16586310291891
2.14152756453891
2.1171920261589
2.0928564877789
2.0685209493989
2.04418541101889
2.01984987263889
1.99551433425889
1.97117879587888
1.94684325749888
1.92250771911888
1.89817218073887
1.87383664235887
1.84950110397887
1.82516556559887
1.80083002721886
1.77649448883886
1.75215895045886
1.72782341207885
1.70348787369885
1.67915233531885
1.65481679693884
1.63048125855884
1.60614572017884
1.58181018179883
1.55747464341883
1.53313910503883
1.50880356665882
1.48446802827882
1.46013248989882
1.43579695151881
1.41146141313881
1.38712587475881
1.3627903363788
1.3384547979988
1.3141192596188
1.2897837212388
1.26544818285879
1.24111264447879
1.21677710609879
1.19244156771878
1.16810602933878
1.14377049095878
1.11943495257877
1.09509941419877
1.07076387581877
1.04642833743876
1.02209279905876
0.997757260678757
0.973421722298754
0.949086183918751
0.924750645538748
0.900415107158744
0.876079568778741
0.851744030398738
0.827408492018735
0.803072953638732
0.778737415258729
0.754401876878725
0.730066338498722
0.705730800118719
0.681395261738716
0.657059723358713
0.632724184978709
0.608388646598706
0.584053108218703
0.5597175698387
0.535382031458697
0.511046493078694
0.48671095469869
0.462375416318687
0.438039877938684
0.413704339558681
0.389368801178678
0.365033262798674
0.340697724418671
0.316362186038668
0.292026647658665
0.267691109278662
0.243355570898658
0.219020032518655
0.194684494138652
0.170348955758649
0.146013417378646
0.121677878998642
0.0973423406186393
0.0730068022386363
0.0486712638586329
0.0243357254786298
1.8709862666644e-07
