43.1419338391046
42.706156729622
42.2703796201395
41.8346025106569
41.3988254011743
40.9630482916918
40.5272711822092
40.0914940727267
39.6557169632441
39.2199398537616
38.784162744279
38.3483856347965
37.9126085253139
37.4768314158313
37.0410543063488
36.6052771968662
36.1695000873837
35.7337229779011
35.2979458684186
34.862168758936
34.4263916494534
33.9906145399709
33.5548374304883
33.1190603210058
32.6832832115232
32.2475061020407
31.8117289925581
31.3759518830755
30.940174773593
30.5043976641104
30.0686205546279
29.6328434451453
29.1970663356628
28.7612892261802
28.3255121166976
27.8897350072151
27.4539578977325
27.01818078825
26.5824036787674
26.1466265692849
25.7108494598023
25.2750723503197
24.8392952408372
24.4035181313546
23.9677410218721
23.5319639123895
23.096186802907
22.6604096934244
22.2246325839419
21.7888554744593
21.3530783649767
20.9173012554942
20.4815241460116
20.0457470365291
19.6099699270465
19.174192817564
18.7384157080814
18.3026385985988
17.8668614891163
17.4310843796337
16.9953072701512
16.5595301606686
16.1237530511861
15.6879759417035
15.2521988322209
14.8164217227384
14.3806446132558
13.9448675037733
13.5090903942907
13.0733132848082
12.6375361753256
12.201759065843
11.7659819563605
11.3302048468779
10.8944277373954
10.4586506279128
10.0228735184303
9.58709640894771
9.15131929946515
8.71554218998259
8.27976508050003
7.84398797101748
7.40821086153493
6.97243375205237
6.53665664256981
6.10087953308725
5.66510242360469
5.22932531412214
4.79354820463958
4.35777109515703
3.92199398567447
3.48621687619191
3.05043976670936
2.6146626572268
2.17888554774424
1.74310843826169
1.30733132877913
0.87155421929657
0.435777109814019
3.31458685060296e-10
