34.2629675467538
34.2286702819454
34.194373017137
34.1600757523287
34.1257784875203
34.0914812227119
34.0571839579036
34.0228866930952
33.9885894282868
33.9542921634784
33.9199948986701
33.8856976338617
33.8514003690533
33.8171031042449
33.7828058394366
33.7485085746282
33.7142113098198
33.6799140450114
33.6456167802031
33.6113195153947
33.5770222505863
33.542724985778
33.5084277209696
33.4741304561612
33.4398331913528
33.4055359265445
33.3712386617361
33.3369413969277
33.3026441321193
33.268346867311
33.2340496025026
33.1997523376942
33.1654550728858
33.1311578080775
33.0968605432691
33.0625632784607
33.0282660136524
32.993968748844
32.9596714840356
32.9253742192272
32.8910769544189
32.8567796896105
32.8224824248021
32.7881851599937
32.7538878951854
32.719590630377
32.6852933655686
32.6509961007603
32.6166988359519
32.5824015711435
32.5481043063351
32.5138070415268
32.4795097767184
32.44521251191
32.4109152471016
32.3766179822933
32.3423207174849
32.3080234526765
32.2737261878681
32.2394289230598
32.2051316582514
32.170834393443
32.1365371286347
32.1022398638263
32.0679425990179
32.0336453342095
31.9993480694012
31.9650508045928
31.9307535397844
31.896456274976
31.8621590101677
31.8278617453593
31.7935644805509
31.7592672157425
31.7249699509342
31.6906726861258
31.6563754213174
31.6220781565091
31.5877808917007
31.5534836268923
31.5191863620839
31.4848890972756
31.4505918324672
31.4162945676588
31.3819973028504
31.3477000380421
31.3134027732337
31.2791055084253
31.2448082436169
31.2105109788086
31.1762137140002
31.1419164491918
31.1076191843835
31.0733219195751
31.0390246547667
31.0047273899583
30.97043012515
30.9361328603416
30.9018355955332
30.8675383307248
30.8332410659165
30.7989438011081
30.7646465362997
30.7303492714913
30.696052006683
30.6617547418746
30.6274574770662
30.5931602122579
30.5588629474495
30.5245656826411
30.4902684178327
30.4559711530244
30.421673888216
30.3873766234076
30.3530793585992
30.3187820937909
30.2844848289825
30.2501875641741
30.2158902993657
30.1815930345574
30.147295769749
30.1129985049406
30.0787012401323
30.0444039753239
30.0101067105155
29.9758094457071
29.9415121808988
29.9072149160904
29.872917651282
29.8386203864736
29.8043231216653
29.7700258568569
29.7357285920485
29.7014313272402
29.6671340624318
29.6328367976234
29.598539532815
29.5642422680067
29.5299450031983
29.4956477383899
29.4613504735815
29.4270532087732
29.3927559439648
29.3584586791564
29.324161414348
29.2898641495397
29.2555668847313
29.2212696199229
29.1869723551146
29.1526750903062
29.1183778254978
29.0840805606894
29.0497832958811
29.0154860310727
28.9811887662643
28.9468915014559
28.9125942366476
28.8782969718392
28.8439997070308
28.8097024422224
28.7754051774141
28.7411079126057
28.7068106477973
28.672513382989
28.6382161181806
28.6039188533722
28.5696215885638
28.5353243237555
28.5010270589471
28.4667297941387
28.4324325293303
28.398135264522
28.3638379997136
28.3295407349052
28.2952434700968
28.2609462052885
28.2266489404801
28.1923516756717
28.1580544108634
28.123757146055
28.0894598812466
28.0551626164382
28.0208653516299
27.9865680868215
27.9522708220131
27.9179735572047
27.8836762923964
27.849379027588
27.8150817627796
27.7807844979712
27.7464872331629
27.7121899683545
27.6778927035461
27.6435954387378
27.6092981739294
27.575000909121
27.5407036443126
27.5064063795043
27.4721091146959
27.4378118498875
27.4035145850791
27.3692173202708
27.3349200554624
27.300622790654
27.2663255258456
27.2320282610373
27.1977309962289
27.1634337314205
27.1291364666122
27.0948392018038
27.0605419369954
27.026244672187
26.9919474073787
26.9576501425703
26.9233528777619
26.8890556129535
26.8547583481452
26.8204610833368
26.7861638185284
26.75186655372
26.7175692889117
26.6832720241033
26.6489747592949
26.6146774944866
26.5803802296782
26.5460829648698
26.5117857000614
26.4774884352531
26.4431911704447
26.4088939056363
26.3745966408279
26.3402993760196
26.3060021112112
26.2717048464028
26.2374075815945
26.2031103167861
26.1688130519777
26.1345157871693
26.100218522361
26.0659212575526
26.0316239927442
25.9973267279358
25.9630294631275
25.9287321983191
25.8944349335107
25.8601376687023
25.825840403894
25.7915431390856
25.7572458742772
25.7229486094689
25.6886513446605
25.6543540798521
25.6200568150437
25.5857595502354
25.551462285427
25.5171650206186
25.4828677558102
25.4485704910019
25.4142732261935
25.3799759613851
25.3456786965767
25.3113814317684
25.27708416696
25.2427869021516
25.2084896373433
25.1741923725349
25.1398951077265
25.1055978429181
25.0713005781098
25.0370033133014
25.002706048493
24.9684087836846
24.9341115188763
24.8998142540679
24.8655169892595
24.8312197244511
24.7969224596428
24.7626251948344
24.728327930026
24.6940306652177
24.6597334004093
24.6254361356009
24.5911388707925
24.5568416059842
24.5225443411758
24.4882470763674
24.453949811559
24.4196525467507
24.3853552819423
24.3510580171339
24.3167607523255
24.2824634875172
24.2481662227088
24.2138689579004
24.1795716930921
24.1452744282837
24.1109771634753
24.0766798986669
24.0423826338586
24.0080853690502
23.9737881042418
23.9394908394334
23.9051935746251
23.8708963098167
23.8365990450083
23.8023017802
23.7680045153916
23.7337072505832
23.6994099857748
23.6651127209665
23.6308154561581
23.5965181913497
23.5622209265413
23.527923661733
23.4936263969246
23.4593291321162
23.4250318673078
23.3907346024995
23.3564373376911
23.3221400728827
23.2878428080744
23.253545543266
23.2192482784576
23.1849510136492
23.1506537488409
23.1163564840325
23.0820592192241
23.0477619544157
23.0134646896074
22.979167424799
22.9448701599906
22.9105728951822
22.8762756303739
22.8419783655655
22.8076811007571
22.7733838359488
22.7390865711404
22.704789306332
22.6704920415236
22.6361947767153
22.6018975119069
22.5676002470985
22.5333029822901
22.4990057174818
22.4647084526734
22.430411187865
22.3961139230566
22.3618166582483
22.3275193934399
22.2932221286315
22.2589248638232
22.2246275990148
22.1903303342064
22.156033069398
22.1217358045897
22.0874385397813
22.0531412749729
22.0188440101645
21.9845467453562
21.9502494805478
21.9159522157394
21.8816549509311
21.8473576861227
21.8130604213143
21.7787631565059
21.7444658916976
21.7101686268892
21.6758713620808
21.6415740972724
21.6072768324641
21.5729795676557
21.5386823028473
21.5043850380389
21.4700877732306
21.4357905084222
21.4014932436138
21.3671959788054
21.3328987139971
21.2986014491887
21.2643041843803
21.230006919572
21.1957096547636
21.1614123899552
21.1271151251468
21.0928178603385
21.0585205955301
21.0242233307217
20.9899260659133
20.955628801105
20.9213315362966
20.8870342714882
20.8527370066799
20.8184397418715
20.7841424770631
20.7498452122547
20.7155479474464
20.681250682638
20.6469534178296
20.6126561530212
20.5783588882129
20.5440616234045
20.5097643585961
20.4754670937877
20.4411698289794
20.406872564171
20.3725752993626
20.3382780345542
20.3039807697459
20.2696835049375
20.2353862401291
20.2010889753208
20.1667917105124
20.132494445704
20.0981971808956
20.0638999160873
20.0296026512789
19.9953053864705
19.9610081216621
19.9267108568538
19.8924135920454
19.858116327237
19.8238190624287
19.7895217976203
19.7552245328119
19.7209272680035
19.6866300031952
19.6523327383868
19.6180354735784
19.58373820877
19.5494409439617
19.5151436791533
19.4808464143449
19.4465491495365
19.4122518847282
19.3779546199198
19.3436573551114
19.3093600903031
19.2750628254947
19.2407655606863
19.2064682958779
19.1721710310696
19.1378737662612
19.1035765014528
19.0692792366444
19.0349819718361
19.0006847070277
18.9663874422193
18.9320901774109
18.8977929126026
18.8634956477942
18.8291983829858
18.7949011181775
18.7606038533691
18.7263065885607
18.6920093237523
18.657712058944
18.6234147941356
18.5891175293272
18.5548202645188
18.5205229997105
18.4862257349021
18.4519284700937
18.4176312052853
18.383333940477
18.3490366756686
18.3147394108602
18.2804421460519
18.2461448812435
18.2118476164351
18.1775503516267
18.1432530868184
18.10895582201
18.0746585572016
18.0403612923932
18.0060640275849
17.9717667627765
17.9374694979681
17.9031722331598
17.8688749683514
17.834577703543
17.8002804387346
17.7659831739263
17.7316859091179
17.6973886443095
17.6630913795011
17.6287941146928
17.5944968498844
17.560199585076
17.5259023202676
17.4916050554593
17.4573077906509
17.4230105258425
17.3887132610342
17.3544159962258
17.3201187314174
17.285821466609
17.2515242018007
17.2172269369923
17.1829296721839
17.1486324073755
17.1143351425672
17.0800378777588
17.0457406129504
17.011443348142
16.9771460833337
16.9428488185253
16.9085515537169
16.8742542889086
16.8399570241002
16.8056597592918
16.7713624944834
16.7370652296751
16.7027679648667
16.6684707000583
16.6341734352499
16.5998761704416
16.5655789056332
16.5312816408248
16.4969843760164
16.4626871112081
16.4283898463997
16.3940925815913
16.359795316783
16.3254980519746
16.2912007871662
16.2569035223578
16.2226062575495
16.1883089927411
16.1540117279327
16.1197144631243
16.085417198316
16.0511199335076
16.0168226686992
15.9825254038909
15.9482281390825
15.9139308742741
15.8796336094657
15.8453363446574
15.811039079849
15.7767418150406
15.7424445502322
15.7081472854239
15.6738500206155
15.6395527558071
15.6052554909987
15.5709582261904
15.536660961382
15.5023636965736
15.4680664317653
15.4337691669569
15.3994719021485
15.3651746373401
15.3308773725318
15.2965801077234
15.262282842915
15.2279855781066
15.1936883132983
15.1593910484899
15.1250937836815
15.0907965188731
15.0564992540648
15.0222019892564
14.987904724448
14.9536074596397
14.9193101948313
14.8850129300229
14.8507156652145
14.8164184004062
14.7821211355978
14.7478238707894
14.713526605981
14.6792293411727
14.6449320763643
14.6106348115559
14.5763375467475
14.5420402819392
14.5077430171308
14.4734457523224
14.4391484875141
14.4048512227057
14.3705539578973
14.3362566930889
14.3019594282806
14.2676621634722
14.2333648986638
14.1990676338554
14.1647703690471
14.1304731042387
14.0961758394303
14.0618785746219
14.0275813098136
13.9932840450052
13.9589867801968
13.9246895153885
13.8903922505801
13.8560949857717
13.8217977209633
13.787500456155
13.7532031913466
13.7189059265382
13.6846086617298
13.6503113969215
13.6160141321131
13.5817168673047
13.5474196024963
13.513122337688
13.4788250728796
13.4445278080712
13.4102305432629
13.3759332784545
13.3416360136461
13.3073387488377
13.2730414840294
13.238744219221
13.2044469544126
13.1701496896042
13.1358524247959
13.1015551599875
13.0672578951791
13.0329606303707
12.9986633655624
12.964366100754
12.9300688359456
12.8957715711373
12.8614743063289
12.8271770415205
12.7928797767121
12.7585825119038
12.7242852470954
12.689987982287
12.6556907174786
12.6213934526703
12.5870961878619
12.5527989230535
12.5185016582451
12.4842043934368
12.4499071286284
12.41560986382
12.3813125990117
12.3470153342033
12.3127180693949
12.2784208045865
12.2441235397782
12.2098262749698
12.1755290101614
12.141231745353
12.1069344805447
12.0726372157363
12.0383399509279
12.0040426861196
11.9697454213112
11.9354481565028
11.9011508916944
11.8668536268861
11.8325563620777
11.7982590972693
11.7639618324609
11.7296645676526
11.6953673028442
11.6610700380358
11.6267727732274
11.5924755084191
11.5581782436107
11.5238809788023
11.489583713994
11.4552864491856
11.4209891843772
11.3866919195688
11.3523946547605
11.3180973899521
11.2838001251437
11.2495028603353
11.215205595527
11.1809083307186
11.1466110659102
11.1123138011018
11.0780165362935
11.0437192714851
11.0094220066767
10.9751247418684
10.94082747706
10.9065302122516
10.8722329474432
10.8379356826349
10.8036384178265
10.7693411530181
10.7350438882097
10.7007466234014
10.666449358593
10.6321520937846
10.5978548289762
10.5635575641679
10.5292602993595
10.4949630345511
10.4606657697428
10.4263685049344
10.392071240126
10.3577739753176
10.3234767105093
10.2891794457009
10.2548821808925
10.2205849160841
10.1862876512758
10.1519903864674
10.117693121659
10.0833958568507
10.0490985920423
10.0148013272339
9.98050406242553
9.94620679761716
9.91190953280879
9.87761226800041
9.84331500319204
9.80901773838366
9.77472047357529
9.74042320876692
9.70612594395854
9.67182867915017
9.6375314143418
9.60323414953342
9.56893688472505
9.53463961991668
9.50034235510831
9.46604509029993
9.43174782549156
9.39745056068319
9.36315329587481
9.32885603106644
9.29455876625806
9.26026150144969
9.22596423664132
9.19166697183294
9.15736970702457
9.1230724422162
9.08877517740783
9.05447791259945
9.02018064779108
8.98588338298271
8.95158611817433
8.91728885336596
8.88299158855759
8.84869432374921
8.81439705894084
8.78009979413247
8.7458025293241
8.71150526451572
8.67720799970735
8.64291073489897
8.6086134700906
8.57431620528223
8.54001894047385
8.50572167566548
8.47142441085711
8.43712714604873
8.40282988124036
8.36853261643199
8.33423535162362
8.29993808681524
8.26564082200687
8.2313435571985
8.19704629239012
8.16274902758175
8.12845176277337
8.094154497965
8.05985723315663
8.02555996834825
7.99126270353988
7.95696543873151
7.92266817392314
7.88837090911476
7.85407364430639
7.81977637949802
7.78547911468964
7.75118184988127
7.7168845850729
7.68258732026452
7.64829005545615
7.61399279064777
7.5796955258394
7.54539826103103
7.51110099622266
7.47680373141428
7.44250646660591
7.40820920179754
7.37391193698916
7.33961467218079
7.30531740737242
7.27102014256404
7.23672287775567
7.2024256129473
7.16812834813893
7.13383108333055
7.09953381852218
7.0652365537138
7.03093928890543
6.99664202409706
6.96234475928868
6.92804749448031
6.89375022967194
6.85945296486356
6.82515570005519
6.79085843524682
6.75656117043845
6.72226390563007
6.6879666408217
6.65366937601333
6.61937211120495
6.58507484639658
6.55077758158821
6.51648031677983
6.48218305197146
6.44788578716308
6.41358852235471
6.37929125754634
6.34499399273797
6.31069672792959
6.27639946312122
6.24210219831285
6.20780493350447
6.1735076686961
6.13921040388773
6.10491313907935
6.07061587427098
6.03631860946261
6.00202134465423
5.96772407984586
5.93342681503749
5.89912955022911
5.86483228542074
5.83053502061237
5.79623775580399
5.76194049099562
5.72764322618725
5.69334596137887
5.6590486965705
5.62475143176213
5.59045416695376
5.55615690214538
5.52185963733701
5.48756237252864
5.45326510772026
5.41896784291189
5.38467057810351
5.35037331329514
5.31607604848677
5.28177878367839
5.24748151887002
5.21318425406165
5.17888698925328
5.1445897244449
5.11029245963653
5.07599519482816
5.04169793001978
5.00740066521141
4.97310340040304
4.93880613559466
4.90450887078629
4.87021160597791
4.83591434116954
4.80161707636117
4.7673198115528
4.73302254674442
4.69872528193605
4.66442801712768
4.6301307523193
4.59583348751093
4.56153622270256
4.52723895789418
4.49294169308581
4.45864442827744
4.42434716346906
4.39004989866069
4.35575263385232
4.32145536904394
4.28715810423557
4.2528608394272
4.21856357461882
4.18426630981045
4.14996904500208
4.1156717801937
4.08137451538533
4.04707725057696
4.01277998576859
3.97848272096021
3.94418545615184
3.90988819134347
3.87559092653509
3.84129366172672
3.80699639691834
3.77269913210997
3.7384018673016
3.70410460249322
3.66980733768485
3.63551007287648
3.60121280806811
3.56691554325973
3.53261827845136
3.49832101364299
3.46402374883461
3.42972648402624
3.39542921921787
3.36113195440949
3.32683468960112
3.29253742479275
3.25824015998437
3.223942895176
3.18964563036763
3.15534836555925
3.12105110075088
3.08675383594251
3.05245657113413
3.01815930632576
2.98386204151739
2.94956477670901
2.91526751190064
2.88097024709227
2.84667298228389
2.81237571747552
2.77807845266715
2.74378118785878
2.7094839230504
2.67518665824203
2.64088939343365
2.60659212862528
2.57229486381691
2.53799759900853
2.50370033420016
2.46940306939179
2.43510580458342
2.40080853977504
2.36651127496667
2.3322140101583
2.29791674534992
2.26361948054155
2.22932221573318
2.1950249509248
2.16072768611643
2.12643042130806
2.09213315649968
2.05783589169131
2.02353862688294
1.98924136207457
1.95494409726619
1.92064683245782
1.88634956764944
1.85205230284107
1.81775503803269
1.78345777322432
1.74916050841595
1.71486324360757
1.6805659787992
1.64626871399083
1.61197144918246
1.57767418437408
1.54337691956571
1.50907965475734
1.47478238994896
1.44048512514059
1.40618786033222
1.37189059552384
1.33759333071547
1.3032960659071
1.26899880109872
1.23470153629035
1.20040427148198
1.16610700667361
1.13180974186523
1.09751247705686
1.06321521224849
1.02891794744011
0.994620682631741
0.960323417823368
0.926026153014995
0.891728888206622
0.857431623398249
0.823134358589876
0.788837093781503
0.754539828973122
0.720242564164749
0.685945299356376
0.651648034548003
0.61735076973963
0.583053504931257
0.548756240122884
0.514458975314511
0.480161710506138
0.445864445697765
0.411567180889392
0.377269916081019
0.342972651272646
0.308675386464273
0.2743781216559
0.240080856847527
0.205783592039154
0.171486327230781
0.137189062422408
0.102891797614035
0.0685945328056619
0.0342972679972888
3.18891409065945e-09
