2.40921848671894
2.40680685678939
2.40439522685984
2.40198359693029
2.39957196700074
2.39716033707119
2.39474870714164
2.39233707721209
2.38992544728254
2.38751381735299
2.38510218742344
2.38269055749389
2.38027892756434
2.37786729763479
2.37545566770524
2.37304403777569
2.37063240784614
2.36822077791659
2.36580914798704
2.36339751805749
2.36098588812794
2.35857425819839
2.35616262826884
2.35375099833929
2.35133936840974
2.34892773848019
2.34651610855065
2.3441044786211
2.34169284869155
2.339281218762
2.33686958883245
2.3344579589029
2.33204632897335
2.3296346990438
2.32722306911425
2.3248114391847
2.32239980925515
2.3199881793256
2.31757654939605
2.3151649194665
2.31275328953695
2.3103416596074
2.30793002967785
2.3055183997483
2.30310676981875
2.3006951398892
2.29828350995965
2.2958718800301
2.29346025010055
2.291048620171
2.28863699024145
2.2862253603119
2.28381373038235
2.2814021004528
2.27899047052325
2.2765788405937
2.27416721066415
2.2717555807346
2.26934395080505
2.2669323208755
2.26452069094595
2.2621090610164
2.25969743108685
2.2572858011573
2.25487417122775
2.2524625412982
2.25005091136865
2.2476392814391
2.24522765150955
2.24281602158
2.24040439165045
2.2379927617209
2.23558113179135
2.2331695018618
2.23075787193225
2.2283462420027
2.22593461207315
2.2235229821436
2.22111135221405
2.2186997222845
2.21628809235495
2.2138764624254
2.21146483249585
2.2090532025663
2.20664157263675
2.2042299427072
2.20181831277765
2.1994066828481
2.19699505291855
2.194583422989
2.19217179305945
2.1897601631299
2.18734853320035
2.1849369032708
2.18252527334125
2.1801136434117
2.17770201348215
2.1752903835526
2.17287875362305
2.17046712369351
2.16805549376396
2.16564386383441
2.16323223390486
2.16082060397531
2.15840897404576
2.15599734411621
2.15358571418666
2.15117408425711
2.14876245432756
2.14635082439801
2.14393919446846
2.14152756453891
2.13911593460936
2.13670430467981
2.13429267475026
2.13188104482071
2.12946941489116
2.12705778496161
2.12464615503206
2.12223452510251
2.11982289517296
2.11741126524341
2.11499963531386
2.11258800538431
2.11017637545476
2.10776474552521
2.10535311559566
2.10294148566611
2.10052985573656
2.09811822580701
2.09570659587746
2.09329496594791
2.09088333601836
2.08847170608881
2.08606007615926
2.08364844622971
2.08123681630016
2.07882518637061
2.07641355644106
2.07400192651151
2.07159029658196
2.06917866665241
2.06676703672286
2.06435540679331
2.06194377686376
2.05953214693421
2.05712051700466
2.05470888707511
2.05229725714556
2.04988562721601
2.04747399728646
2.04506236735691
2.04265073742736
2.04023910749781
2.03782747756826
2.03541584763871
2.03300421770916
2.03059258777961
2.02818095785006
2.02576932792051
2.02335769799096
2.02094606806141
2.01853443813186
2.01612280820231
2.01371117827276
2.01129954834321
2.00888791841366
2.00647628848411
2.00406465855456
2.00165302862501
1.99924139869546
1.99682976876591
1.99441813883636
1.99200650890682
1.98959487897727
1.98718324904772
1.98477161911817
1.98235998918862
1.97994835925907
1.97753672932952
1.97512509939997
1.97271346947042
1.97030183954087
1.96789020961132
1.96547857968177
1.96306694975222
1.96065531982267
1.95824368989312
1.95583205996357
1.95342043003402
1.95100880010447
1.94859717017492
1.94618554024537
1.94377391031582
1.94136228038627
1.93895065045672
1.93653902052717
1.93412739059762
1.93171576066807
1.92930413073852
1.92689250080897
1.92448087087942
1.92206924094987
1.91965761102032
1.91724598109077
1.91483435116122
1.91242272123167
1.91001109130212
1.90759946137257
1.90518783144302
1.90277620151347
1.90036457158392
1.89795294165437
1.89554131172482
1.89312968179527
1.89071805186572
1.88830642193617
1.88589479200662
1.88348316207707
1.88107153214752
1.87865990221797
1.87624827228842
1.87383664235887
1.87142501242932
1.86901338249977
1.86660175257022
1.86419012264067
1.86177849271112
1.85936686278157
1.85695523285202
1.85454360292247
1.85213197299292
1.84972034306337
1.84730871313382
1.84489708320427
1.84248545327472
1.84007382334517
1.83766219341562
1.83525056348607
1.83283893355652
1.83042730362697
1.82801567369742
1.82560404376787
1.82319241383832
1.82078078390877
1.81836915397922
1.81595752404967
1.81354589412013
1.81113426419058
1.80872263426103
1.80631100433148
1.80389937440193
1.80148774447238
1.79907611454283
1.79666448461328
1.79425285468373
1.79184122475418
1.78942959482463
1.78701796489508
1.78460633496553
1.78219470503598
1.77978307510643
1.77737144517688
1.77495981524733
1.77254818531778
1.77013655538823
1.76772492545868
1.76531329552913
1.76290166559958
1.76049003567003
1.75807840574048
1.75566677581093
1.75325514588138
1.75084351595183
1.74843188602228
1.74602025609273
1.74360862616318
1.74119699623363
1.73878536630408
1.73637373637453
1.73396210644498
1.73155047651543
1.72913884658588
1.72672721665633
1.72431558672678
1.72190395679723
1.71949232686768
1.71708069693813
1.71466906700858
1.71225743707903
1.70984580714948
1.70743417721993
1.70502254729038
1.70261091736083
1.70019928743128
1.69778765750173
1.69537602757218
1.69296439764263
1.69055276771308
1.68814113778353
1.68572950785398
1.68331787792443
1.68090624799488
1.67849461806533
1.67608298813578
1.67367135820623
1.67125972827668
1.66884809834713
1.66643646841758
1.66402483848803
1.66161320855848
1.65920157862893
1.65678994869938
1.65437831876983
1.65196668884028
1.64955505891073
1.64714342898118
1.64473179905163
1.64232016912208
1.63990853919253
1.63749690926298
1.63508527933344
1.63267364940389
1.63026201947434
1.62785038954479
1.62543875961524
1.62302712968569
1.62061549975614
1.61820386982659
1.61579223989704
1.61338060996749
1.61096898003794
1.60855735010839
1.60614572017884
1.60373409024929
1.60132246031974
1.59891083039019
1.59649920046064
1.59408757053109
1.59167594060154
1.58926431067199
1.58685268074244
1.58444105081289
1.58202942088334
1.57961779095379
1.57720616102424
1.57479453109469
1.57238290116514
1.56997127123559
1.56755964130604
1.56514801137649
1.56273638144694
1.56032475151739
1.55791312158784
1.55550149165829
1.55308986172874
1.55067823179919
1.54826660186964
1.54585497194009
1.54344334201054
1.54103171208099
1.53862008215144
1.53620845222189
1.53379682229234
1.53138519236279
1.52897356243324
1.52656193250369
1.52415030257414
1.52173867264459
1.51932704271504
1.51691541278549
1.51450378285594
1.51209215292639
1.50968052299684
1.50726889306729
1.50485726313774
1.50244563320819
1.50003400327864
1.49762237334909
1.49521074341954
1.49279911348999
1.49038748356044
1.48797585363089
1.48556422370134
1.48315259377179
1.48074096384224
1.47832933391269
1.47591770398314
1.47350607405359
1.47109444412404
1.46868281419449
1.46627118426494
1.46385955433539
1.46144792440584
1.45903629447629
1.45662466454675
1.4542130346172
1.45180140468765
1.4493897747581
1.44697814482855
1.444566514899
1.44215488496945
1.4397432550399
1.43733162511035
1.4349199951808
1.43250836525125
1.4300967353217
1.42768510539215
1.4252734754626
1.42286184553305
1.4204502156035
1.41803858567395
1.4156269557444
1.41321532581485
1.4108036958853
1.40839206595575
1.4059804360262
1.40356880609665
1.4011571761671
1.39874554623755
1.396333916308
1.39392228637845
1.3915106564489
1.38909902651935
1.3866873965898
1.38427576666025
1.3818641367307
1.37945250680115
1.3770408768716
1.37462924694205
1.3722176170125
1.36980598708295
1.3673943571534
1.36498272722385
1.3625710972943
1.36015946736475
1.3577478374352
1.35533620750565
1.3529245775761
1.35051294764655
1.348101317717
1.34568968778745
1.3432780578579
1.34086642792835
1.3384547979988
1.33604316806925
1.3336315381397
1.33121990821015
1.3288082782806
1.32639664835105
1.3239850184215
1.32157338849195
1.3191617585624
1.31675012863285
1.3143384987033
1.31192686877375
1.3095152388442
1.30710360891465
1.3046919789851
1.30228034905555
1.299868719126
1.29745708919645
1.2950454592669
1.29263382933735
1.2902221994078
1.28781056947825
1.2853989395487
1.28298730961915
1.2805756796896
1.27816404976006
1.27575241983051
1.27334078990096
1.27092915997141
1.26851753004186
1.26610590011231
1.26369427018276
1.26128264025321
1.25887101032366
1.25645938039411
1.25404775046456
1.25163612053501
1.24922449060546
1.24681286067591
1.24440123074636
1.24198960081681
1.23957797088726
1.23716634095771
1.23475471102816
1.23234308109861
1.22993145116906
1.22751982123951
1.22510819130996
1.22269656138041
1.22028493145086
1.21787330152131
1.21546167159176
1.21305004166221
1.21063841173266
1.20822678180311
1.20581515187356
1.20340352194401
1.20099189201446
1.19858026208491
1.19616863215536
1.19375700222581
1.19134537229626
1.18893374236671
1.18652211243716
1.18411048250761
1.18169885257806
1.17928722264851
1.17687559271896
1.17446396278941
1.17205233285986
1.16964070293031
1.16722907300076
1.16481744307121
1.16240581314166
1.15999418321211
1.15758255328256
1.15517092335301
1.15275929342346
1.15034766349391
1.14793603356436
1.14552440363481
1.14311277370526
1.14070114377571
1.13828951384616
1.13587788391661
1.13346625398706
1.13105462405751
1.12864299412796
1.12623136419841
1.12381973426886
1.12140810433931
1.11899647440976
1.11658484448021
1.11417321455066
1.11176158462111
1.10934995469156
1.10693832476201
1.10452669483246
1.10211506490291
1.09970343497336
1.09729180504382
1.09488017511427
1.09246854518472
1.09005691525517
1.08764528532562
1.08523365539607
1.08282202546652
1.08041039553697
1.07799876560742
1.07558713567787
1.07317550574832
1.07076387581877
1.06835224588922
1.06594061595967
1.06352898603012
1.06111735610057
1.05870572617102
1.05629409624147
1.05388246631192
1.05147083638237
1.04905920645282
1.04664757652327
1.04423594659372
1.04182431666417
1.03941268673462
1.03700105680507
1.03458942687552
1.03217779694597
1.02976616701642
1.02735453708687
1.02494290715732
1.02253127722777
1.02011964729822
1.01770801736867
1.01529638743912
1.01288475750957
1.01047312758002
1.00806149765047
1.00564986772092
1.00323823779137
1.00082660786182
0.998414977932271
0.996003348002721
0.993591718073171
0.991180088143621
0.988768458214071
0.986356828284521
0.983945198354972
0.981533568425422
0.979121938495872
0.976710308566322
0.974298678636772
0.971887048707222
0.969475418777672
0.967063788848123
0.964652158918573
0.962240528989023
0.959828899059473
0.957417269129923
0.955005639200373
0.952594009270823
0.950182379341273
0.947770749411724
0.945359119482174
0.942947489552624
0.940535859623074
0.938124229693524
0.935712599763974
0.933300969834424
0.930889339904875
0.928477709975325
0.926066080045775
0.923654450116225
0.921242820186675
0.918831190257125
0.916419560327575
0.914007930398026
0.911596300468476
0.909184670538926
0.906773040609376
0.904361410679826
0.901949780750276
0.899538150820726
0.897126520891177
0.894714890961626
0.892303261032077
0.889891631102527
0.887480001172977
0.885068371243427
0.882656741313877
0.880245111384327
0.877833481454777
0.875421851525228
0.873010221595678
0.870598591666128
0.868186961736578
0.865775331807028
0.863363701877478
0.860952071947928
0.858540442018379
0.856128812088829
0.853717182159279
0.851305552229729
0.848893922300179
0.846482292370629
0.844070662441079
0.84165903251153
0.83924740258198
0.83683577265243
0.83442414272288
0.83201251279333
0.82960088286378
0.82718925293423
0.824777623004681
0.822365993075131
0.819954363145581
0.817542733216031
0.815131103286481
0.812719473356931
0.810307843427381
0.807896213497831
0.805484583568282
0.803072953638732
0.800661323709182
0.798249693779632
0.795838063850082
0.793426433920532
0.791014803990982
0.788603174061433
0.786191544131883
0.783779914202333
0.781368284272783
0.778956654343233
0.776545024413683
0.774133394484133
0.771721764554584
0.769310134625034
0.766898504695484
0.764486874765934
0.762075244836384
0.759663614906834
0.757251984977284
0.754840355047735
0.752428725118184
0.750017095188635
0.747605465259085
0.745193835329535
0.742782205399985
0.740370575470435
0.737958945540885
0.735547315611335
0.733135685681786
0.730724055752236
0.728312425822686
0.725900795893136
0.723489165963586
0.721077536034036
0.718665906104486
0.716254276174937
0.713842646245387
0.711431016315837
0.709019386386287
0.706607756456737
0.704196126527187
0.701784496597637
0.699372866668088
0.696961236738538
0.694549606808988
0.692137976879438
0.689726346949888
0.687314717020338
0.684903087090788
0.682491457161238
0.680079827231689
0.677668197302139
0.675256567372589
0.672844937443039
0.670433307513489
0.668021677583939
0.665610047654389
0.66319841772484
0.66078678779529
0.65837515786574
0.65596352793619
0.65355189800664
0.65114026807709
0.64872863814754
0.646317008217991
0.643905378288441
0.641493748358891
0.639082118429341
0.636670488499791
0.634258858570241
0.631847228640691
0.629435598711142
0.627023968781592
0.624612338852042
0.622200708922492
0.619789078992942
0.617377449063392
0.614965819133842
0.612554189204292
0.610142559274742
0.607730929345193
0.605319299415643
0.602907669486093
0.600496039556543
0.598084409626993
0.595672779697443
0.593261149767893
0.590849519838344
0.588437889908794
0.586026259979244
0.583614630049694
0.581203000120144
0.578791370190594
0.576379740261044
0.573968110331495
0.571556480401945
0.569144850472395
0.566733220542845
0.564321590613295
0.561909960683745
0.559498330754195
0.557086700824645
0.554675070895096
0.552263440965546
0.549851811035996
0.547440181106446
0.545028551176896
0.542616921247346
0.540205291317796
0.537793661388247
0.535382031458697
0.532970401529147
0.530558771599597
0.528147141670047
0.525735511740497
0.523323881810947
0.520912251881398
0.518500621951848
0.516088992022298
0.513677362092748
0.511265732163198
0.508854102233648
0.506442472304098
0.504030842374549
0.501619212444999
0.499207582515449
0.496795952585899
0.494384322656349
0.491972692726799
0.489561062797249
0.4871494328677
0.484737802938149
0.4823261730086
0.47991454307905
0.4775029131495
0.47509128321995
0.4726796532904
0.47026802336085
0.4678563934313
0.465444763501751
0.463033133572201
0.460621503642651
0.458209873713101
0.455798243783551
0.453386613854001
0.450974983924451
0.448563353994902
0.446151724065352
0.443740094135802
0.441328464206252
0.438916834276702
0.436505204347152
0.434093574417602
0.431681944488053
0.429270314558503
0.426858684628953
0.424447054699403
0.422035424769853
0.419623794840303
0.417212164910753
0.414800534981203
0.412388905051654
0.409977275122104
0.407565645192554
0.405154015263004
0.402742385333454
0.400330755403904
0.397919125474354
0.395507495544805
0.393095865615255
0.390684235685705
0.388272605756155
0.385860975826605
0.383449345897055
0.381037715967505
0.378626086037956
0.376214456108406
0.373802826178856
0.371391196249306
0.368979566319756
0.366567936390206
0.364156306460656
0.361744676531107
0.359333046601557
0.356921416672007
0.354509786742457
0.352098156812907
0.349686526883357
0.347274896953807
0.344863267024258
0.342451637094708
0.340040007165157
0.337628377235608
0.335216747306058
0.332805117376508
0.330393487446958
0.327981857517408
0.325570227587859
0.323158597658308
0.320746967728759
0.318335337799209
0.315923707869659
0.313512077940109
0.311100448010559
0.308688818081009
0.306277188151459
0.30386555822191
0.30145392829236
0.29904229836281
0.29663066843326
0.29421903850371
0.29180740857416
0.28939577864461
0.286984148715061
0.284572518785511
0.282160888855961
0.279749258926411
0.277337628996861
0.274925999067311
0.272514369137761
0.270102739208212
0.267691109278662
0.265279479349112
0.262867849419562
0.260456219490012
0.258044589560462
0.255632959630912
0.253221329701363
0.250809699771813
0.248398069842263
0.245986439912713
0.243574809983163
0.241163180053613
0.238751550124063
0.236339920194514
0.233928290264964
0.231516660335414
0.229105030405864
0.226693400476314
0.224281770546764
0.221870140617214
0.219458510687665
0.217046880758115
0.214635250828564
0.212223620899015
0.209811990969465
0.207400361039915
0.204988731110365
0.202577101180816
0.200165471251266
0.197753841321715
0.195342211392166
0.192930581462616
0.190518951533066
0.188107321603516
0.185695691673966
0.183284061744416
0.180872431814866
0.178460801885317
0.176049171955767
0.173637542026217
0.171225912096667
0.168814282167117
0.166402652237567
0.163991022308017
0.161579392378468
0.159167762448918
0.156756132519368
0.154344502589818
0.151932872660268
0.149521242730718
0.147109612801168
0.144697982871619
0.142286352942069
0.139874723012519
0.137463093082969
0.135051463153419
0.132639833223869
0.130228203294319
0.12781657336477
0.12540494343522
0.12299331350567
0.12058168357612
0.11817005364657
0.11575842371702
0.11334679378747
0.110935163857921
0.108523533928371
0.106111903998821
0.103700274069271
0.101288644139721
0.0988770142101711
0.0964653842806213
0.0940537543510716
0.0916421244215218
0.089230494491972
0.0868188645624217
0.0844072346328719
0.0819956047033221
0.0795839747737723
0.0771723448442225
0.0747607149146727
0.0723490849851225
0.0699374550555727
0.0675258251260229
0.0651141951964731
0.0627025652669233
0.0602909353373735
0.0578793054078237
0.0554676754782735
0.0530560455487237
0.0506444156191739
0.0482327856896241
0.0458211557600743
0.0434095258305245
0.0409978959009742
0.0385862659714244
0.0361746360418747
0.0337630061123249
0.0313513761827751
0.0289397462532253
0.0265281163236755
0.0241164863941252
0.0217048564645754
0.0192932265350256
0.0168815966054758
0.014469966675926
0.0120583367463762
0.009646706816826
0.0072350768872762
0.00482344695772641
0.00241181702817661
1.8709862666644e-07
