41.6576412735403
41.2368570182554
40.8160727629704
40.3952885076854
39.9745042524004
39.5537199971155
39.1329357418305
38.7121514865455
38.2913672312605
37.8705829759756
37.4497987206906
37.0290144654056
36.6082302101206
36.1874459548357
35.7666616995507
35.3458774442657
34.9250931889807
34.5043089336958
34.0835246784108
33.6627404231258
33.2419561678408
32.8211719125559
32.4003876572709
31.9796034019859
31.5588191467009
31.138034891416
30.717250636131
30.296466380846
29.875682125561
29.4548978702761
29.0341136149911
28.6133293597061
28.1925451044211
27.7717608491362
27.3509765938512
26.9301923385662
26.5094080832812
26.0886238279963
25.6678395727113
25.2470553174263
24.8262710621413
24.4054868068564
23.9847025515714
23.5639182962864
23.1431340410014
22.7223497857165
22.3015655304315
21.8807812751465
21.4599970198615
21.0392127645766
20.6184285092916
20.1976442540066
19.7768599987216
19.3560757434367
18.9352914881517
18.5145072328667
18.0937229775817
17.6729387222968
17.2521544670118
16.8313702117268
16.4105859564418
15.9898017011569
15.5690174458719
15.1482331905869
14.7274489353019
14.306664680017
13.885880424732
13.465096169447
13.044311914162
12.6235276588771
12.2027434035921
11.7819591483071
11.3611748930221
10.9403906377372
10.5196063824522
10.0988221271672
9.67803787188223
9.25725361659725
8.83646936131228
8.4156851060273
7.99490085074233
7.57411659545735
7.15333234017238
6.73254808488741
6.31176382960243
5.89097957431746
5.47019531903248
5.04941106374751
4.62862680846253
4.20784255317756
3.78705829789258
3.36627404260761
2.94548978732263
2.52470553203765
2.10392127675268
1.6831370214677
1.26235276618273
0.841568510897751
0.42078425561278
3.27802919552939e-10
