29.6286670913393
29.3293876257844
29.0301081602296
28.7308286946747
28.4315492291199
28.1322697635651
27.8329902980102
27.5337108324554
27.2344313669006
26.9351519013457
26.6358724357909
26.3365929702361
26.0373135046812
25.7380340391264
25.4387545735716
25.1394751080167
24.8401956424619
24.540916176907
24.2416367113522
23.9423572457974
23.6430777802425
23.3437983146877
23.0445188491329
22.745239383578
22.4459599180232
22.1466804524683
21.8474009869135
21.5481215213587
21.2488420558038
20.949562590249
20.6502831246942
20.3510036591393
20.0517241935845
19.7524447280297
19.4531652624748
19.15388579692
18.8546063313651
18.5553268658103
18.2560474002555
17.9567679347006
17.6574884691458
17.358209003591
17.0589295380361
16.7596500724813
16.4603706069265
16.1610911413716
15.8618116758168
15.5625322102619
15.2632527447071
14.9639732791523
14.6646938135974
14.3654143480426
14.0661348824878
13.7668554169329
13.4675759513781
13.1682964858233
12.8690170202684
12.5697375547136
12.2704580891587
11.9711786236039
11.6718991580491
11.3726196924942
11.0733402269394
10.7740607613846
10.4747812958297
10.1755018302749
9.87622236472005
9.57694289916521
9.27766343361037
8.97838396805554
8.6791045025007
8.37982503694587
8.08054557139103
7.78126610583619
7.48198664028136
7.18270717472652
6.88342770917168
6.58414824361685
6.28486877806201
5.98558931250717
5.68630984695234
5.3870303813975
5.08775091584267
4.78847145028783
4.48919198473299
4.18991251917815
3.89063305362332
3.59135358806848
3.29207412251365
2.99279465695881
2.69351519140397
2.39423572584914
2.0949562602943
1.79567679473946
1.49639732918462
1.19711786362979
0.897838398074953
0.598558932520117
0.299279466965281
1.41044628006397e-09
