40.6756256001242
40.6349092581833
40.5941929162425
40.5534765743017
40.5127602323609
40.4720438904201
40.4313275484793
40.3906112065385
40.3498948645977
40.3091785226569
40.2684621807161
40.2277458387752
40.1870294968344
40.1463131548936
40.1055968129528
40.064880471012
40.0241641290712
39.9834477871304
39.9427314451896
39.9020151032488
39.861298761308
39.8205824193671
39.7798660774263
39.7391497354855
39.6984333935447
39.6577170516039
39.6170007096631
39.5762843677223
39.5355680257815
39.4948516838407
39.4541353418999
39.413418999959
39.3727026580182
39.3319863160774
39.2912699741366
39.2505536321958
39.209837290255
39.1691209483142
39.1284046063734
39.0876882644326
39.0469719224918
39.0062555805509
38.9655392386101
38.9248228966693
38.8841065547285
38.8433902127877
38.8026738708469
38.7619575289061
38.7212411869653
38.6805248450245
38.6398085030837
38.5990921611428
38.558375819202
38.5176594772612
38.4769431353204
38.4362267933796
38.3955104514388
38.354794109498
38.3140777675572
38.2733614256164
38.2326450836755
38.1919287417347
38.1512123997939
38.1104960578531
38.0697797159123
38.0290633739715
37.9883470320307
37.9476306900899
37.9069143481491
37.8661980062083
37.8254816642674
37.7847653223266
37.7440489803858
37.703332638445
37.6626162965042
37.6218999545634
37.5811836126226
37.5404672706818
37.499750928741
37.4590345868002
37.4183182448593
37.3776019029185
37.3368855609777
37.2961692190369
37.2554528770961
37.2147365351553
37.1740201932145
37.1333038512737
37.0925875093329
37.0518711673921
37.0111548254512
36.9704384835104
36.9297221415696
36.8890057996288
36.848289457688
36.8075731157472
36.7668567738064
36.7261404318656
36.6854240899248
36.644707747984
36.6039914060431
36.5632750641023
36.5225587221615
36.4818423802207
36.4411260382799
36.4004096963391
36.3596933543983
36.3189770124575
36.2782606705167
36.2375443285759
36.196827986635
36.1561116446942
36.1153953027534
36.0746789608126
36.0339626188718
35.993246276931
35.9525299349902
35.9118135930494
35.8710972511086
35.8303809091678
35.7896645672269
35.7489482252861
35.7082318833453
35.6675155414045
35.6267991994637
35.5860828575229
35.5453665155821
35.5046501736413
35.4639338317005
35.4232174897597
35.3825011478189
35.341784805878
35.3010684639372
35.2603521219964
35.2196357800556
35.1789194381148
35.138203096174
35.0974867542332
35.0567704122924
35.0160540703516
34.9753377284108
34.9346213864699
34.8939050445291
34.8531887025883
34.8124723606475
34.7717560187067
34.7310396767659
34.6903233348251
34.6496069928843
34.6088906509435
34.5681743090027
34.5274579670618
34.486741625121
34.4460252831802
34.4053089412394
34.3645925992986
34.3238762573578
34.283159915417
34.2424435734762
34.2017272315354
34.1610108895946
34.1202945476537
34.0795782057129
34.0388618637721
33.9981455218313
33.9574291798905
33.9167128379497
33.8759964960089
33.8352801540681
33.7945638121273
33.7538474701864
33.7131311282456
33.6724147863048
33.631698444364
33.5909821024232
33.5502657604824
33.5095494185416
33.4688330766008
33.42811673466
33.3874003927192
33.3466840507783
33.3059677088375
33.2652513668967
33.2245350249559
33.1838186830151
33.1431023410743
33.1023859991335
33.0616696571927
33.0209533152519
32.9802369733111
32.9395206313702
32.8988042894294
32.8580879474886
32.8173716055478
32.776655263607
32.7359389216662
32.6952225797254
32.6545062377846
32.6137898958438
32.573073553903
32.5323572119621
32.4916408700213
32.4509245280805
32.4102081861397
32.3694918441989
32.3287755022581
32.2880591603173
32.2473428183765
32.2066264764357
32.1659101344949
32.125193792554
32.0844774506132
32.0437611086724
32.0030447667316
31.9623284247908
31.92161208285
31.8808957409092
31.8401793989684
31.7994630570276
31.7587467150868
31.7180303731459
31.6773140312051
31.6365976892643
31.5958813473235
31.5551650053827
31.5144486634419
31.4737323215011
31.4330159795603
31.3922996376195
31.3515832956787
31.3108669537378
31.270150611797
31.2294342698562
31.1887179279154
31.1480015859746
31.1072852440338
31.066568902093
31.0258525601522
30.9851362182114
30.9444198762706
30.9037035343297
30.8629871923889
30.8222708504481
30.7815545085073
30.7408381665665
30.7001218246257
30.6594054826849
30.6186891407441
30.5779727988033
30.5372564568625
30.4965401149216
30.4558237729808
30.41510743104
30.3743910890992
30.3336747471584
30.2929584052176
30.2522420632768
30.211525721336
30.1708093793952
30.1300930374544
30.0893766955135
30.0486603535727
30.0079440116319
29.9672276696911
29.9265113277503
29.8857949858095
29.8450786438687
29.8043623019279
29.7636459599871
29.7229296180463
29.6822132761054
29.6414969341646
29.6007805922238
29.560064250283
29.5193479083422
29.4786315664014
29.4379152244606
29.3971988825198
29.356482540579
29.3157661986382
29.2750498566973
29.2343335147565
29.1936171728157
29.1529008308749
29.1121844889341
29.0714681469933
29.0307518050525
28.9900354631117
28.9493191211709
28.90860277923
28.8678864372892
28.8271700953484
28.7864537534076
28.7457374114668
28.705021069526
28.6643047275852
28.6235883856444
28.5828720437036
28.5421557017628
28.5014393598219
28.4607230178811
28.4200066759403
28.3792903339995
28.3385739920587
28.2978576501179
28.2571413081771
28.2164249662363
28.1757086242955
28.1349922823547
28.0942759404138
28.053559598473
28.0128432565322
27.9721269145914
27.9314105726506
27.8906942307098
27.849977888769
27.8092615468282
27.7685452048874
27.7278288629466
27.6871125210057
27.6463961790649
27.6056798371241
27.5649634951833
27.5242471532425
27.4835308113017
27.4428144693609
27.4020981274201
27.3613817854793
27.3206654435385
27.2799491015976
27.2392327596568
27.198516417716
27.1578000757752
27.1170837338344
27.0763673918936
27.0356510499528
26.994934708012
26.9542183660712
26.9135020241304
26.8727856821895
26.8320693402487
26.7913529983079
26.7506366563671
26.7099203144263
26.6692039724855
26.6284876305447
26.5877712886039
26.5470549466631
26.5063386047223
26.4656222627814
26.4249059208406
26.3841895788998
26.343473236959
26.3027568950182
26.2620405530774
26.2213242111366
26.1806078691958
26.139891527255
26.0991751853142
26.0584588433733
26.0177425014325
25.9770261594917
25.9363098175509
25.8955934756101
25.8548771336693
25.8141607917285
25.7734444497877
25.7327281078469
25.6920117659061
25.6512954239652
25.6105790820244
25.5698627400836
25.5291463981428
25.488430056202
25.4477137142612
25.4069973723204
25.3662810303796
25.3255646884388
25.284848346498
25.2441320045571
25.2034156626163
25.1626993206755
25.1219829787347
25.0812666367939
25.0405502948531
24.9998339529123
24.9591176109715
24.9184012690307
24.8776849270899
24.836968585149
24.7962522432082
24.7555359012674
24.7148195593266
24.6741032173858
24.633386875445
24.5926705335042
24.5519541915634
24.5112378496226
24.4705215076818
24.4298051657409
24.3890888238001
24.3483724818593
24.3076561399185
24.2669397979777
24.2262234560369
24.1855071140961
24.1447907721553
24.1040744302145
24.0633580882736
24.0226417463328
23.981925404392
23.9412090624512
23.9004927205104
23.8597763785696
23.8190600366288
23.778343694688
23.7376273527472
23.6969110108064
23.6561946688655
23.6154783269247
23.5747619849839
23.5340456430431
23.4933293011023
23.4526129591615
23.4118966172207
23.3711802752799
23.3304639333391
23.2897475913983
23.2490312494574
23.2083149075166
23.1675985655758
23.126882223635
23.0861658816942
23.0454495397534
23.0047331978126
22.9640168558718
22.923300513931
22.8825841719902
22.8418678300493
22.8011514881085
22.7604351461677
22.7197188042269
22.6790024622861
22.6382861203453
22.5975697784045
22.5568534364637
22.5161370945229
22.4754207525821
22.4347044106412
22.3939880687004
22.3532717267596
22.3125553848188
22.271839042878
22.2311227009372
22.1904063589964
22.1496900170556
22.1089736751148
22.068257333174
22.0275409912331
21.9868246492923
21.9461083073515
21.9053919654107
21.8646756234699
21.8239592815291
21.7832429395883
21.7425265976475
21.7018102557067
21.6610939137659
21.620377571825
21.5796612298842
21.5389448879434
21.4982285460026
21.4575122040618
21.416795862121
21.3760795201802
21.3353631782394
21.2946468362986
21.2539304943578
21.2132141524169
21.1724978104761
21.1317814685353
21.0910651265945
21.0503487846537
21.0096324427129
20.9689161007721
20.9281997588313
20.8874834168905
20.8467670749497
20.8060507330088
20.765334391068
20.7246180491272
20.6839017071864
20.6431853652456
20.6024690233048
20.561752681364
20.5210363394232
20.4803199974824
20.4396036555416
20.3988873136007
20.3581709716599
20.3174546297191
20.2767382877783
20.2360219458375
20.1953056038967
20.1545892619559
20.1138729200151
20.0731565780743
20.0324402361335
19.9917238941926
19.9510075522518
19.910291210311
19.8695748683702
19.8288585264294
19.7881421844886
19.7474258425478
19.706709500607
19.6659931586662
19.6252768167254
19.5845604747845
19.5438441328437
19.5031277909029
19.4624114489621
19.4216951070213
19.3809787650805
19.3402624231397
19.2995460811989
19.2588297392581
19.2181133973173
19.1773970553764
19.1366807134356
19.0959643714948
19.055248029554
19.0145316876132
18.9738153456724
18.9330990037316
18.8923826617908
18.85166631985
18.8109499779092
18.7702336359683
18.7295172940275
18.6888009520867
18.6480846101459
18.6073682682051
18.5666519262643
18.5259355843235
18.4852192423827
18.4445029004419
18.4037865585011
18.3630702165602
18.3223538746194
18.2816375326786
18.2409211907378
18.200204848797
18.1594885068562
18.1187721649154
18.0780558229746
18.0373394810338
17.996623139093
17.9559067971521
17.9151904552113
17.8744741132705
17.8337577713297
17.7930414293889
17.7523250874481
17.7116087455073
17.6708924035665
17.6301760616257
17.5894597196849
17.548743377744
17.5080270358032
17.4673106938624
17.4265943519216
17.3858780099808
17.34516166804
17.3044453260992
17.2637289841584
17.2230126422176
17.1822963002768
17.1415799583359
17.1008636163951
17.0601472744543
17.0194309325135
16.9787145905727
16.9379982486319
16.8972819066911
16.8565655647503
16.8158492228095
16.7751328808687
16.7344165389278
16.693700196987
16.6529838550462
16.6122675131054
16.5715511711646
16.5308348292238
16.490118487283
16.4494021453422
16.4086858034014
16.3679694614605
16.3272531195197
16.2865367775789
16.2458204356381
16.2051040936973
16.1643877517565
16.1236714098157
16.0829550678749
16.0422387259341
16.0015223839933
15.9608060420524
15.9200897001116
15.8793733581708
15.83865701623
15.7979406742892
15.7572243323484
15.7165079904076
15.6757916484668
15.635075306526
15.5943589645852
15.5536426226443
15.5129262807035
15.4722099387627
15.4314935968219
15.3907772548811
15.3500609129403
15.3093445709995
15.2686282290587
15.2279118871179
15.1871955451771
15.1464792032362
15.1057628612954
15.0650465193546
15.0243301774138
14.983613835473
14.9428974935322
14.9021811515914
14.8614648096506
14.8207484677098
14.780032125769
14.7393157838281
14.6985994418873
14.6578830999465
14.6171667580057
14.5764504160649
14.5357340741241
14.4950177321833
14.4543013902425
14.4135850483017
14.3728687063609
14.33215236442
14.2914360224792
14.2507196805384
14.2100033385976
14.1692869966568
14.128570654716
14.0878543127752
14.0471379708344
14.0064216288936
13.9657052869528
13.9249889450119
13.8842726030711
13.8435562611303
13.8028399191895
13.7621235772487
13.7214072353079
13.6806908933671
13.6399745514263
13.5992582094855
13.5585418675447
13.5178255256038
13.477109183663
13.4363928417222
13.3956764997814
13.3549601578406
13.3142438158998
13.273527473959
13.2328111320182
13.1920947900774
13.1513784481366
13.1106621061957
13.0699457642549
13.0292294223141
12.9885130803733
12.9477967384325
12.9070803964917
12.8663640545509
12.8256477126101
12.7849313706693
12.7442150287285
12.7034986867876
12.6627823448468
12.622066002906
12.5813496609652
12.5406333190244
12.4999169770836
12.4592006351428
12.418484293202
12.3777679512612
12.3370516093204
12.2963352673795
12.2556189254387
12.2149025834979
12.1741862415571
12.1334698996163
12.0927535576755
12.0520372157347
12.0113208737939
11.9706045318531
11.9298881899123
11.8891718479714
11.8484555060306
11.8077391640898
11.767022822149
11.7263064802082
11.6855901382674
11.6448737963266
11.6041574543858
11.563441112445
11.5227247705042
11.4820084285633
11.4412920866225
11.4005757446817
11.3598594027409
11.3191430608001
11.2784267188593
11.2377103769185
11.1969940349777
11.1562776930369
11.1155613510961
11.0748450091552
11.0341286672144
10.9934123252736
10.9526959833328
10.911979641392
10.8712632994512
10.8305469575104
10.7898306155696
10.7491142736288
10.7083979316879
10.6676815897471
10.6269652478063
10.5862489058655
10.5455325639247
10.5048162219839
10.4640998800431
10.4233835381023
10.3826671961615
10.3419508542207
10.3012345122798
10.260518170339
10.2198018283982
10.1790854864574
10.1383691445166
10.0976528025758
10.056936460635
10.0162201186942
9.97550377675337
9.93478743481256
9.89407109287175
9.85335475093094
9.81263840899013
9.77192206704932
9.73120572510851
9.6904893831677
9.64977304122689
9.60905669928608
9.56834035734527
9.52762401540446
9.48690767346365
9.44619133152284
9.40547498958203
9.36475864764122
9.32404230570041
9.2833259637596
9.24260962181879
9.20189327987798
9.16117693793717
9.12046059599636
9.07974425405555
9.03902791211474
8.99831157017393
8.95759522823312
8.91687888629231
8.87616254435149
8.83544620241069
8.79472986046988
8.75401351852907
8.71329717658826
8.67258083464745
8.63186449270663
8.59114815076583
8.55043180882502
8.5097154668842
8.46899912494339
8.42828278300259
8.38756644106178
8.34685009912096
8.30613375718016
8.26541741523935
8.22470107329853
8.18398473135773
8.14326838941692
8.1025520474761
8.06183570553529
8.02111936359449
7.98040302165367
7.93968667971286
7.89897033777206
7.85825399583124
7.81753765389043
7.77682131194963
7.73610497000882
7.695388628068
7.65467228612719
7.61395594418639
7.57323960224557
7.53252326030476
7.49180691836396
7.45109057642314
7.41037423448233
7.36965789254153
7.32894155060071
7.2882252086599
7.24750886671909
7.20679252477829
7.16607618283747
7.12535984089666
7.08464349895586
7.04392715701504
7.00321081507423
6.96249447313343
6.92177813119261
6.8810617892518
6.84034544731099
6.79962910537018
6.75891276342937
6.71819642148856
6.67748007954776
6.63676373760694
6.59604739566613
6.55533105372533
6.51461471178451
6.4738983698437
6.43318202790289
6.39246568596208
6.35174934402127
6.31103300208046
6.27031666013965
6.22960031819884
6.18888397625803
6.14816763431722
6.10745129237641
6.0667349504356
6.02601860849479
5.98530226655398
5.94458592461317
5.90386958267236
5.86315324073155
5.82243689879074
5.78172055684993
5.74100421490912
5.70028787296831
5.6595715310275
5.61885518908669
5.57813884714588
5.53742250520507
5.49670616326426
5.45598982132345
5.41527347938264
5.37455713744183
5.33384079550102
5.29312445356021
5.2524081116194
5.21169176967859
5.17097542773778
5.13025908579697
5.08954274385616
5.04882640191535
5.00811005997454
4.96739371803373
4.92667737609292
4.88596103415211
4.8452446922113
4.80452835027049
4.76381200832968
4.72309566638887
4.68237932444806
4.64166298250725
4.60094664056644
4.56023029862563
4.51951395668482
4.47879761474401
4.4380812728032
4.39736493086239
4.35664858892158
4.31593224698077
4.27521590503996
4.23449956309915
4.19378322115834
4.15306687921753
4.11235053727672
4.07163419533591
4.0309178533951
3.99020151145429
3.94948516951348
3.90876882757266
3.86805248563186
3.82733614369105
3.78661980175024
3.74590345980943
3.70518711786862
3.66447077592781
3.623754433987
3.58303809204619
3.54232175010538
3.50160540816456
3.46088906622376
3.42017272428295
3.37945638234213
3.33874004040133
3.29802369846052
3.25730735651971
3.2165910145789
3.17587467263809
3.13515833069728
3.09444198875646
3.05372564681566
3.01300930487485
2.97229296293403
2.93157662099323
2.89086027905242
2.8501439371116
2.8094275951708
2.76871125322999
2.72799491128917
2.68727856934836
2.64656222740756
2.60584588546675
2.56512954352593
2.52441320158513
2.48369685964432
2.4429805177035
2.4022641757627
2.36154783382189
2.32083149188107
2.28011514994026
2.23939880799946
2.19868246605864
2.15796612411783
2.11724978217703
2.07653344023622
2.0358170982954
1.9951007563546
1.95438441441379
1.91366807247297
1.87295173053217
1.83223538859136
1.79151904665054
1.75080270470973
1.71008636276893
1.66937002082811
1.6286536788873
1.5879373369465
1.54722099500569
1.50650465306487
1.46578831112407
1.42507196918326
1.38435562724244
1.34363928530163
1.30292294336083
1.26220660142001
1.2214902594792
1.1807739175384
1.14005757559758
1.09934123365677
1.05862489171597
1.01790854977515
0.977192207834342
0.936475865893534
0.895759523952727
0.855043182011912
0.814326840071104
0.773610498130296
0.732894156189481
0.692177814248673
0.651461472307865
0.61074513036705
0.570028788426242
0.529312446485434
0.488596104544619
0.447879762603812
0.407163420663004
0.366447078722196
0.325730736781381
0.285014394840573
0.244298052899765
0.20358171095895
0.162865369018142
0.122149027077334
0.0814326851365195
0.0407163431957116
1.25490665973699e-09
