4.68866670345405
4.64130643403978
4.5939461646255
4.54658589521123
4.49922562579695
4.45186535638268
4.4045050869684
4.35714481755413
4.30978454813985
4.26242427872558
4.21506400931131
4.16770373989703
4.12034347048276
4.07298320106848
4.02562293165421
3.97826266223993
3.93090239282566
3.88354212341139
3.83618185399711
3.78882158458284
3.74146131516856
3.69410104575429
3.64674077634001
3.59938050692574
3.55202023751147
3.50465996809719
3.45729969868292
3.40993942926864
3.36257915985437
3.31521889044009
3.26785862102582
3.22049835161154
3.17313808219727
3.125777812783
3.07841754336872
3.03105727395445
2.98369700454017
2.9363367351259
2.88897646571162
2.84161619629735
2.79425592688307
2.7468956574688
2.69953538805453
2.65217511864025
2.60481484922598
2.5574545798117
2.51009431039743
2.46273404098315
2.41537377156888
2.36801350215461
2.32065323274033
2.27329296332606
2.22593269391178
2.17857242449751
2.13121215508323
2.08385188566896
2.03649161625469
1.98913134684041
1.94177107742614
1.89441080801186
1.84705053859759
1.79969026918331
1.75232999976904
1.70496973035476
1.65760946094049
1.61024919152622
1.56288892211194
1.51552865269767
1.46816838328339
1.42080811386912
1.37344784445484
1.32608757504057
1.27872730562629
1.23136703621202
1.18400676679775
1.13664649738347
1.0892862279692
1.04192595855492
0.994565689140649
0.947205419726374
0.8998451503121
0.852484880897826
0.805124611483552
0.757764342069277
0.710404072655002
0.663043803240728
0.615683533826454
0.56832326441218
0.520962994997905
0.473602725583631
0.426242456169357
0.378882186755082
0.331521917340807
0.284161647926533
0.236801378512259
0.189441109097984
0.14208083968371
0.0947205702694358
0.0473603008551615
3.14408873878119e-08
