25.6239107794666
25.5982612191269
25.5726116587872
25.5469620984476
25.5213125381079
25.4956629777683
25.4700134174286
25.444363857089
25.4187142967493
25.3930647364096
25.36741517607
25.3417656157303
25.3161160553907
25.290466495051
25.2648169347114
25.2391673743717
25.213517814032
25.1878682536924
25.1622186933527
25.1365691330131
25.1109195726734
25.0852700123338
25.0596204519941
25.0339708916544
25.0083213313148
24.9826717709751
24.9570222106355
24.9313726502958
24.9057230899562
24.8800735296165
24.8544239692768
24.8287744089372
24.8031248485975
24.7774752882579
24.7518257279182
24.7261761675786
24.7005266072389
24.6748770468992
24.6492274865596
24.6235779262199
24.5979283658803
24.5722788055406
24.546629245201
24.5209796848613
24.4953301245217
24.469680564182
24.4440310038423
24.4183814435027
24.392731883163
24.3670823228234
24.3414327624837
24.3157832021441
24.2901336418044
24.2644840814647
24.2388345211251
24.2131849607854
24.1875354004458
24.1618858401061
24.1362362797665
24.1105867194268
24.0849371590871
24.0592875987475
24.0336380384078
24.0079884780682
23.9823389177285
23.9566893573889
23.9310397970492
23.9053902367095
23.8797406763699
23.8540911160302
23.8284415556906
23.8027919953509
23.7771424350113
23.7514928746716
23.7258433143319
23.7001937539923
23.6745441936526
23.648894633313
23.6232450729733
23.5975955126337
23.571945952294
23.5462963919543
23.5206468316147
23.494997271275
23.4693477109354
23.4436981505957
23.4180485902561
23.3923990299164
23.3667494695767
23.3410999092371
23.3154503488974
23.2898007885578
23.2641512282181
23.2385016678785
23.2128521075388
23.1872025471992
23.1615529868595
23.1359034265198
23.1102538661802
23.0846043058405
23.0589547455009
23.0333051851612
23.0076556248216
22.9820060644819
22.9563565041422
22.9307069438026
22.9050573834629
22.8794078231233
22.8537582627836
22.828108702444
22.8024591421043
22.7768095817646
22.751160021425
22.7255104610853
22.6998609007457
22.674211340406
22.6485617800664
22.6229122197267
22.597262659387
22.5716130990474
22.5459635387077
22.5203139783681
22.4946644180284
22.4690148576888
22.4433652973491
22.4177157370094
22.3920661766698
22.3664166163301
22.3407670559905
22.3151174956508
22.2894679353112
22.2638183749715
22.2381688146318
22.2125192542922
22.1868696939525
22.1612201336129
22.1355705732732
22.1099210129336
22.0842714525939
22.0586218922543
22.0329723319146
22.0073227715749
21.9816732112353
21.9560236508956
21.930374090556
21.9047245302163
21.8790749698767
21.853425409537
21.8277758491973
21.8021262888577
21.776476728518
21.7508271681784
21.7251776078387
21.6995280474991
21.6738784871594
21.6482289268197
21.6225793664801
21.5969298061404
21.5712802458008
21.5456306854611
21.5199811251215
21.4943315647818
21.4686820044421
21.4430324441025
21.4173828837628
21.3917333234232
21.3660837630835
21.3404342027439
21.3147846424042
21.2891350820645
21.2634855217249
21.2378359613852
21.2121864010456
21.1865368407059
21.1608872803663
21.1352377200266
21.1095881596869
21.0839385993473
21.0582890390076
21.032639478668
21.0069899183283
20.9813403579887
20.955690797649
20.9300412373094
20.9043916769697
20.87874211663
20.8530925562904
20.8274429959507
20.8017934356111
20.7761438752714
20.7504943149317
20.7248447545921
20.6991951942524
20.6735456339128
20.6478960735731
20.6222465132335
20.5965969528938
20.5709473925542
20.5452978322145
20.5196482718748
20.4939987115352
20.4683491511955
20.4426995908559
20.4170500305162
20.3914004701766
20.3657509098369
20.3401013494972
20.3144517891576
20.2888022288179
20.2631526684783
20.2375031081386
20.211853547799
20.1862039874593
20.1605544271196
20.13490486678
20.1092553064403
20.0836057461007
20.057956185761
20.0323066254214
20.0066570650817
19.981007504742
19.9553579444024
19.9297083840627
19.9040588237231
19.8784092633834
19.8527597030438
19.8271101427041
19.8014605823644
19.7758110220248
19.7501614616851
19.7245119013455
19.6988623410058
19.6732127806662
19.6475632203265
19.6219136599869
19.5962640996472
19.5706145393075
19.5449649789679
19.5193154186282
19.4936658582886
19.4680162979489
19.4423667376093
19.4167171772696
19.3910676169299
19.3654180565903
19.3397684962506
19.314118935911
19.2884693755713
19.2628198152317
19.237170254892
19.2115206945523
19.1858711342127
19.160221573873
19.1345720135334
19.1089224531937
19.0832728928541
19.0576233325144
19.0319737721747
19.0063242118351
18.9806746514954
18.9550250911558
18.9293755308161
18.9037259704765
18.8780764101368
18.8524268497971
18.8267772894575
18.8011277291178
18.7754781687782
18.7498286084385
18.7241790480989
18.6985294877592
18.6728799274195
18.6472303670799
18.6215808067402
18.5959312464006
18.5702816860609
18.5446321257213
18.5189825653816
18.4933330050419
18.4676834447023
18.4420338843626
18.416384324023
18.3907347636833
18.3650852033437
18.339435643004
18.3137860826644
18.2881365223247
18.262486961985
18.2368374016454
18.2111878413057
18.1855382809661
18.1598887206264
18.1342391602868
18.1085895999471
18.0829400396074
18.0572904792678
18.0316409189281
18.0059913585885
17.9803417982488
17.9546922379092
17.9290426775695
17.9033931172298
17.8777435568902
17.8520939965505
17.8264444362109
17.8007948758712
17.7751453155316
17.7494957551919
17.7238461948522
17.6981966345126
17.6725470741729
17.6468975138333
17.6212479534936
17.595598393154
17.5699488328143
17.5442992724746
17.518649712135
17.4930001517953
17.4673505914557
17.441701031116
17.4160514707764
17.3904019104367
17.364752350097
17.3391027897574
17.3134532294177
17.2878036690781
17.2621541087384
17.2365045483988
17.2108549880591
17.1852054277194
17.1595558673798
17.1339063070401
17.1082567467005
17.0826071863608
17.0569576260212
17.0313080656815
17.0056585053419
16.9800089450022
16.9543593846625
16.9287098243229
16.9030602639832
16.8774107036436
16.8517611433039
16.8261115829643
16.8004620226246
16.7748124622849
16.7491629019453
16.7235133416056
16.697863781266
16.6722142209263
16.6465646605867
16.620915100247
16.5952655399073
16.5696159795677
16.543966419228
16.5183168588884
16.4926672985487
16.4670177382091
16.4413681778694
16.4157186175297
16.3900690571901
16.3644194968504
16.3387699365108
16.3131203761711
16.2874708158315
16.2618212554918
16.2361716951521
16.2105221348125
16.1848725744728
16.1592230141332
16.1335734537935
16.1079238934539
16.0822743331142
16.0566247727745
16.0309752124349
16.0053256520952
15.9796760917556
15.9540265314159
15.9283769710763
15.9027274107366
15.877077850397
15.8514282900573
15.8257787297176
15.800129169378
15.7744796090383
15.7488300486987
15.723180488359
15.6975309280194
15.6718813676797
15.64623180734
15.6205822470004
15.5949326866607
15.5692831263211
15.5436335659814
15.5179840056418
15.4923344453021
15.4666848849624
15.4410353246228
15.4153857642831
15.3897362039435
15.3640866436038
15.3384370832642
15.3127875229245
15.2871379625848
15.2614884022452
15.2358388419055
15.2101892815659
15.1845397212262
15.1588901608866
15.1332406005469
15.1075910402072
15.0819414798676
15.0562919195279
15.0306423591883
15.0049927988486
14.979343238509
14.9536936781693
14.9280441178296
14.90239455749
14.8767449971503
14.8510954368107
14.825445876471
14.7997963161314
14.7741467557917
14.748497195452
14.7228476351124
14.6971980747727
14.6715485144331
14.6458989540934
14.6202493937538
14.5945998334141
14.5689502730745
14.5433007127348
14.5176511523951
14.4920015920555
14.4663520317158
14.4407024713762
14.4150529110365
14.3894033506969
14.3637537903572
14.3381042300175
14.3124546696779
14.2868051093382
14.2611555489986
14.2355059886589
14.2098564283193
14.1842068679796
14.1585573076399
14.1329077473003
14.1072581869606
14.081608626621
14.0559590662813
14.0303095059417
14.004659945602
13.9790103852623
13.9533608249227
13.927711264583
13.9020617042434
13.8764121439037
13.8507625835641
13.8251130232244
13.7994634628847
13.7738139025451
13.7481643422054
13.7225147818658
13.6968652215261
13.6712156611865
13.6455661008468
13.6199165405071
13.5942669801675
13.5686174198278
13.5429678594882
13.5173182991485
13.4916687388089
13.4660191784692
13.4403696181295
13.4147200577899
13.3890704974502
13.3634209371106
13.3377713767709
13.3121218164313
13.2864722560916
13.260822695752
13.2351731354123
13.2095235750726
13.183874014733
13.1582244543933
13.1325748940537
13.106925333714
13.0812757733744
13.0556262130347
13.029976652695
13.0043270923554
12.9786775320157
12.9530279716761
12.9273784113364
12.9017288509968
12.8760792906571
12.8504297303174
12.8247801699778
12.7991306096381
12.7734810492985
12.7478314889588
12.7221819286192
12.6965323682795
12.6708828079398
12.6452332476002
12.6195836872605
12.5939341269209
12.5682845665812
12.5426350062416
12.5169854459019
12.4913358855622
12.4656863252226
12.4400367648829
12.4143872045433
12.3887376442036
12.363088083864
12.3374385235243
12.3117889631846
12.286139402845
12.2604898425053
12.2348402821657
12.209190721826
12.1835411614864
12.1578916011467
12.1322420408071
12.1065924804674
12.0809429201277
12.0552933597881
12.0296437994484
12.0039942391088
11.9783446787691
11.9526951184295
11.9270455580898
11.9013959977501
11.8757464374105
11.8500968770708
11.8244473167312
11.7987977563915
11.7731481960519
11.7474986357122
11.7218490753725
11.6961995150329
11.6705499546932
11.6449003943536
11.6192508340139
11.5936012736743
11.5679517133346
11.5423021529949
11.5166525926553
11.4910030323156
11.465353471976
11.4397039116363
11.4140543512967
11.388404790957
11.3627552306173
11.3371056702777
11.311456109938
11.2858065495984
11.2601569892587
11.2345074289191
11.2088578685794
11.1832083082397
11.1575587479001
11.1319091875604
11.1062596272208
11.0806100668811
11.0549605065415
11.0293109462018
11.0036613858622
10.9780118255225
10.9523622651828
10.9267127048432
10.9010631445035
10.8754135841639
10.8497640238242
10.8241144634846
10.7984649031449
10.7728153428052
10.7471657824656
10.7215162221259
10.6958666617863
10.6702171014466
10.644567541107
10.6189179807673
10.5932684204276
10.567618860088
10.5419692997483
10.5163197394087
10.490670179069
10.4650206187294
10.4393710583897
10.41372149805
10.3880719377104
10.3624223773707
10.3367728170311
10.3111232566914
10.2854736963518
10.2598241360121
10.2341745756724
10.2085250153328
10.1828754549931
10.1572258946535
10.1315763343138
10.1059267739742
10.0802772136345
10.0546276532948
10.0289780929552
10.0033285326155
9.97767897227588
9.95202941193622
9.92637985159656
9.90073029125691
9.87508073091725
9.84943117057759
9.82378161023794
9.79813204989828
9.77248248955862
9.74683292921896
9.72118336887931
9.69553380853965
9.66988424819999
9.64423468786034
9.61858512752068
9.59293556718102
9.56728600684137
9.54163644650171
9.51598688616205
9.4903373258224
9.46468776548274
9.43903820514308
9.41338864480343
9.38773908446377
9.36208952412411
9.33643996378445
9.3107904034448
9.28514084310514
9.25949128276548
9.23384172242583
9.20819216208617
9.18254260174652
9.15689304140686
9.1312434810672
9.10559392072754
9.07994436038789
9.05429480004823
9.02864523970857
9.00299567936892
8.97734611902926
8.9516965586896
8.92604699834995
8.90039743801029
8.87474787767063
8.84909831733097
8.82344875699132
8.79779919665166
8.772149636312
8.74650007597235
8.72085051563269
8.69520095529303
8.66955139495338
8.64390183461372
8.61825227427406
8.59260271393441
8.56695315359475
8.54130359325509
8.51565403291544
8.49000447257578
8.46435491223612
8.43870535189647
8.41305579155681
8.38740623121715
8.36175667087749
8.33610711053784
8.31045755019818
8.28480798985852
8.25915842951887
8.23350886917921
8.20785930883955
8.1822097484999
8.15656018816024
8.13091062782058
8.10526106748093
8.07961150714127
8.05396194680161
8.02831238646196
8.0026628261223
7.97701326578264
7.95136370544299
7.92571414510333
7.90006458476367
7.87441502442401
7.84876546408436
7.8231159037447
7.79746634340504
7.77181678306539
7.74616722272573
7.72051766238607
7.69486810204642
7.66921854170676
7.6435689813671
7.61791942102744
7.59226986068779
7.56662030034813
7.54097074000848
7.51532117966882
7.48967161932916
7.46402205898951
7.43837249864985
7.41272293831019
7.38707337797053
7.36142381763088
7.33577425729122
7.31012469695156
7.28447513661191
7.25882557627225
7.23317601593259
7.20752645559294
7.18187689525328
7.15622733491362
7.13057777457396
7.10492821423431
7.07927865389465
7.053629093555
7.02797953321534
7.00232997287568
6.97668041253603
6.95103085219637
6.92538129185671
6.89973173151705
6.8740821711774
6.84843261083774
6.82278305049809
6.79713349015843
6.77148392981877
6.74583436947911
6.72018480913946
6.6945352487998
6.66888568846014
6.64323612812048
6.61758656778083
6.59193700744117
6.56628744710152
6.54063788676186
6.5149883264222
6.48933876608254
6.46368920574289
6.43803964540323
6.41239008506357
6.38674052472392
6.36109096438426
6.33544140404461
6.30979184370495
6.28414228336529
6.25849272302563
6.23284316268598
6.20719360234632
6.18154404200666
6.155894481667
6.13024492132735
6.10459536098769
6.07894580064804
6.05329624030838
6.02764667996872
6.00199711962906
5.97634755928941
5.95069799894975
5.92504843861009
5.89939887827044
5.87374931793078
5.84809975759113
5.82245019725147
5.79680063691181
5.77115107657215
5.7455015162325
5.71985195589284
5.69420239555318
5.66855283521353
5.64290327487387
5.61725371453421
5.59160415419456
5.5659545938549
5.54030503351524
5.51465547317558
5.48900591283593
5.46335635249627
5.43770679215661
5.41205723181696
5.3864076714773
5.36075811113765
5.33510855079799
5.30945899045833
5.28380943011867
5.25815986977902
5.23251030943936
5.2068607490997
5.18121118876005
5.15556162842039
5.12991206808073
5.10426250774108
5.07861294740142
5.05296338706176
5.0273138267221
5.00166426638245
4.97601470604279
4.95036514570313
4.92471558536348
4.89906602502382
4.87341646468416
4.84776690434451
4.82211734400485
4.79646778366519
4.77081822332554
4.74516866298588
4.71951910264622
4.69386954230657
4.66821998196691
4.64257042162725
4.6169208612876
4.59127130094794
4.56562174060828
4.53997218026862
4.51432261992897
4.48867305958931
4.46302349924965
4.43737393891
4.41172437857034
4.38607481823068
4.36042525789103
4.33477569755137
4.30912613721171
4.28347657687206
4.2578270165324
4.23217745619274
4.20652789585309
4.18087833551343
4.15522877517377
4.12957921483412
4.10392965449446
4.0782800941548
4.05263053381514
4.02698097347549
4.00133141313583
3.97568185279617
3.95003229245652
3.92438273211686
3.8987331717772
3.87308361143755
3.84743405109789
3.82178449075823
3.79613493041857
3.77048537007892
3.74483580973926
3.71918624939961
3.69353668905995
3.66788712872029
3.64223756838064
3.61658800804098
3.59093844770132
3.56528888736166
3.53963932702201
3.51398976668235
3.48834020634269
3.46269064600304
3.43704108566338
3.41139152532372
3.38574196498407
3.36009240464441
3.33444284430475
3.30879328396509
3.28314372362544
3.25749416328578
3.23184460294613
3.20619504260647
3.18054548226681
3.15489592192716
3.1292463615875
3.10359680124784
3.07794724090818
3.05229768056853
3.02664812022887
3.00099855988922
2.97534899954956
2.9496994392099
2.92404987887024
2.89840031853059
2.87275075819093
2.84710119785127
2.82145163751161
2.79580207717196
2.7701525168323
2.74450295649265
2.71885339615299
2.69320383581333
2.66755427547367
2.64190471513402
2.61625515479436
2.5906055944547
2.56495603411505
2.53930647377539
2.51365691343574
2.48800735309608
2.46235779275642
2.43670823241676
2.41105867207711
2.38540911173745
2.35975955139779
2.33410999105813
2.30846043071848
2.28281087037882
2.25716131003917
2.23151174969951
2.20586218935985
2.18021262902019
2.15456306868054
2.12891350834088
2.10326394800122
2.07761438766157
2.05196482732191
2.02631526698226
2.0006657066426
1.97501614630294
1.94936658596328
1.92371702562363
1.89806746528397
1.87241790494431
1.84676834460465
1.821118784265
1.79546922392534
1.76981966358569
1.74417010324603
1.71852054290637
1.69287098256671
1.66722142222706
1.6415718618874
1.61592230154774
1.59027274120809
1.56462318086843
1.53897362052878
1.51332406018912
1.48767449984946
1.4620249395098
1.43637537917015
1.41072581883049
1.38507625849083
1.35942669815118
1.33377713781152
1.30812757747186
1.28247801713221
1.25682845679255
1.23117889645289
1.20552933611323
1.17987977577358
1.15423021543392
1.12858065509426
1.10293109475461
1.07728153441495
1.05163197407529
1.02598241373564
1.00033285339598
0.974683293056323
0.949033732716668
0.923384172377009
0.897734612037354
0.872085051697695
0.84643549135804
0.820785931018381
0.795136370678726
0.769486810339068
0.743837249999412
0.718187689659754
0.692538129320099
0.66688856898044
0.641239008640785
0.615589448301126
0.589939887961471
0.564290327621812
0.538640767282157
0.512991206942498
0.487341646602843
0.461692086263184
0.436042525923529
0.410392965583874
0.384743405244215
0.35909384490456
0.333444284564901
0.307794724225246
0.282145163885588
0.256495603545932
0.230846043206274
0.205196482866619
0.17954692252696
0.153897362187305
0.128247801847646
0.102598241507991
0.0769486811683322
0.051299120828677
0.0256495604890183
1.49362237012944e-10
