4.27346376291394
4.2691959658142
4.26492816871446
4.26066037161472
4.25639257451498
4.25212477741524
4.2478569803155
4.24358918321576
4.23932138611602
4.23505358901628
4.23078579191654
4.2265179948168
4.22225019771706
4.21798240061732
4.21371460351758
4.20944680641784
4.2051790093181
4.20091121221836
4.19664341511862
4.19237561801888
4.18810782091914
4.1838400238194
4.17957222671966
4.17530442961992
4.17103663252018
4.16676883542044
4.1625010383207
4.15823324122096
4.15396544412122
4.14969764702148
4.14542984992174
4.141162052822
4.13689425572226
4.13262645862252
4.12835866152278
4.12409086442304
4.1198230673233
4.11555527022356
4.11128747312382
4.10701967602408
4.10275187892434
4.0984840818246
4.09421628472486
4.08994848762512
4.08568069052538
4.08141289342564
4.0771450963259
4.07287729922616
4.06860950212642
4.06434170502668
4.06007390792694
4.0558061108272
4.05153831372746
4.04727051662772
4.04300271952798
4.03873492242824
4.0344671253285
4.03019932822876
4.02593153112902
4.02166373402928
4.01739593692954
4.0131281398298
4.00886034273006
4.00459254563032
4.00032474853058
3.99605695143084
3.9917891543311
3.98752135723136
3.98325356013162
3.97898576303188
3.97471796593214
3.9704501688324
3.96618237173266
3.96191457463292
3.95764677753318
3.95337898043344
3.9491111833337
3.94484338623396
3.94057558913422
3.93630779203448
3.93203999493474
3.927772197835
3.92350440073526
3.91923660363552
3.91496880653578
3.91070100943604
3.9064332123363
3.90216541523656
3.89789761813682
3.89362982103708
3.88936202393734
3.8850942268376
3.88082642973786
3.87655863263812
3.87229083553838
3.86802303843864
3.8637552413389
3.85948744423916
3.85521964713942
3.85095185003968
3.84668405293993
3.84241625584019
3.83814845874045
3.83388066164071
3.82961286454097
3.82534506744123
3.82107727034149
3.81680947324175
3.81254167614201
3.80827387904227
3.80400608194253
3.79973828484279
3.79547048774305
3.79120269064331
3.78693489354357
3.78266709644383
3.77839929934409
3.77413150224435
3.76986370514461
3.76559590804487
3.76132811094513
3.75706031384539
3.75279251674565
3.74852471964591
3.74425692254617
3.73998912544643
3.73572132834669
3.73145353124695
3.72718573414721
3.72291793704747
3.71865013994773
3.71438234284799
3.71011454574825
3.70584674864851
3.70157895154877
3.69731115444903
3.69304335734929
3.68877556024955
3.68450776314981
3.68023996605007
3.67597216895033
3.67170437185059
3.66743657475085
3.66316877765111
3.65890098055137
3.65463318345163
3.65036538635189
3.64609758925215
3.64182979215241
3.63756199505267
3.63329419795293
3.62902640085319
3.62475860375345
3.62049080665371
3.61622300955397
3.61195521245423
3.60768741535449
3.60341961825475
3.59915182115501
3.59488402405527
3.59061622695553
3.58634842985579
3.58208063275605
3.57781283565631
3.57354503855657
3.56927724145683
3.56500944435709
3.56074164725735
3.55647385015761
3.55220605305787
3.54793825595813
3.54367045885839
3.53940266175865
3.53513486465891
3.53086706755917
3.52659927045943
3.52233147335969
3.51806367625995
3.51379587916021
3.50952808206047
3.50526028496073
3.50099248786099
3.49672469076125
3.49245689366151
3.48818909656177
3.48392129946203
3.47965350236229
3.47538570526255
3.47111790816281
3.46685011106307
3.46258231396333
3.45831451686359
3.45404671976385
3.44977892266411
3.44551112556437
3.44124332846463
3.43697553136489
3.43270773426515
3.42843993716541
3.42417214006567
3.41990434296593
3.41563654586619
3.41136874876645
3.40710095166671
3.40283315456697
3.39856535746723
3.39429756036749
3.39002976326775
3.38576196616801
3.38149416906827
3.37722637196853
3.37295857486879
3.36869077776905
3.36442298066931
3.36015518356956
3.35588738646982
3.35161958937008
3.34735179227034
3.3430839951706
3.33881619807086
3.33454840097112
3.33028060387138
3.32601280677164
3.3217450096719
3.31747721257216
3.31320941547242
3.30894161837268
3.30467382127294
3.3004060241732
3.29613822707346
3.29187042997372
3.28760263287398
3.28333483577424
3.2790670386745
3.27479924157476
3.27053144447502
3.26626364737528
3.26199585027554
3.2577280531758
3.25346025607606
3.24919245897632
3.24492466187658
3.24065686477684
3.2363890676771
3.23212127057736
3.22785347347762
3.22358567637788
3.21931787927814
3.2150500821784
3.21078228507866
3.20651448797892
3.20224669087918
3.19797889377944
3.1937110966797
3.18944329957996
3.18517550248022
3.18090770538048
3.17663990828074
3.172372111181
3.16810431408126
3.16383651698152
3.15956871988178
3.15530092278204
3.1510331256823
3.14676532858256
3.14249753148282
3.13822973438308
3.13396193728334
3.1296941401836
3.12542634308386
3.12115854598412
3.11689074888438
3.11262295178464
3.1083551546849
3.10408735758516
3.09981956048542
3.09555176338568
3.09128396628594
3.0870161691862
3.08274837208646
3.07848057498672
3.07421277788698
3.06994498078724
3.0656771836875
3.06140938658776
3.05714158948802
3.05287379238828
3.04860599528854
3.0443381981888
3.04007040108906
3.03580260398932
3.03153480688958
3.02726700978984
3.0229992126901
3.01873141559036
3.01446361849062
3.01019582139088
3.00592802429114
3.0016602271914
2.99739243009166
2.99312463299192
2.98885683589218
2.98458903879244
2.9803212416927
2.97605344459296
2.97178564749322
2.96751785039348
2.96325005329374
2.958982256194
2.95471445909426
2.95044666199452
2.94617886489478
2.94191106779504
2.9376432706953
2.93337547359556
2.92910767649582
2.92483987939608
2.92057208229634
2.9163042851966
2.91203648809686
2.90776869099712
2.90350089389737
2.89923309679764
2.89496529969789
2.89069750259815
2.88642970549841
2.88216190839867
2.87789411129893
2.87362631419919
2.86935851709945
2.86509071999971
2.86082292289997
2.85655512580023
2.85228732870049
2.84801953160075
2.84375173450101
2.83948393740127
2.83521614030153
2.83094834320179
2.82668054610205
2.82241274900231
2.81814495190257
2.81387715480283
2.80960935770309
2.80534156060335
2.80107376350361
2.79680596640387
2.79253816930413
2.78827037220439
2.78400257510465
2.77973477800491
2.77546698090517
2.77119918380543
2.76693138670569
2.76266358960595
2.75839579250621
2.75412799540647
2.74986019830673
2.74559240120699
2.74132460410725
2.73705680700751
2.73278900990777
2.72852121280803
2.72425341570829
2.71998561860855
2.71571782150881
2.71145002440907
2.70718222730933
2.70291443020959
2.69864663310985
2.69437883601011
2.69011103891037
2.68584324181063
2.68157544471089
2.67730764761115
2.67303985051141
2.66877205341167
2.66450425631193
2.66023645921219
2.65596866211245
2.65170086501271
2.64743306791297
2.64316527081323
2.63889747371349
2.63462967661375
2.63036187951401
2.62609408241427
2.62182628531453
2.61755848821479
2.61329069111505
2.60902289401531
2.60475509691557
2.60048729981583
2.59621950271609
2.59195170561635
2.58768390851661
2.58341611141687
2.57914831431713
2.57488051721739
2.57061272011765
2.56634492301791
2.56207712591817
2.55780932881843
2.55354153171869
2.54927373461895
2.54500593751921
2.54073814041947
2.53647034331973
2.53220254621999
2.52793474912025
2.52366695202051
2.51939915492077
2.51513135782103
2.51086356072129
2.50659576362155
2.50232796652181
2.49806016942207
2.49379237232233
2.48952457522259
2.48525677812285
2.48098898102311
2.47672118392337
2.47245338682363
2.46818558972389
2.46391779262415
2.45964999552441
2.45538219842467
2.45111440132493
2.44684660422519
2.44257880712545
2.43831101002571
2.43404321292597
2.42977541582623
2.42550761872649
2.42123982162675
2.416972024527
2.41270422742727
2.40843643032752
2.40416863322778
2.39990083612804
2.3956330390283
2.39136524192856
2.38709744482882
2.38282964772908
2.37856185062934
2.3742940535296
2.37002625642986
2.36575845933012
2.36149066223038
2.35722286513064
2.3529550680309
2.34868727093116
2.34441947383142
2.34015167673168
2.33588387963194
2.3316160825322
2.32734828543246
2.32308048833272
2.31881269123298
2.31454489413324
2.3102770970335
2.30600929993376
2.30174150283402
2.29747370573428
2.29320590863454
2.2889381115348
2.28467031443506
2.28040251733532
2.27613472023558
2.27186692313584
2.2675991260361
2.26333132893636
2.25906353183662
2.25479573473688
2.25052793763714
2.2462601405374
2.24199234343766
2.23772454633792
2.23345674923818
2.22918895213844
2.2249211550387
2.22065335793896
2.21638556083922
2.21211776373948
2.20784996663974
2.20358216954
2.19931437244026
2.19504657534052
2.19077877824078
2.18651098114104
2.1822431840413
2.17797538694156
2.17370758984182
2.16943979274208
2.16517199564234
2.1609041985426
2.15663640144286
2.15236860434312
2.14810080724338
2.14383301014364
2.1395652130439
2.13529741594416
2.13102961884442
2.12676182174468
2.12249402464494
2.1182262275452
2.11395843044546
2.10969063334572
2.10542283624598
2.10115503914624
2.0968872420465
2.09261944494676
2.08835164784702
2.08408385074728
2.07981605364754
2.0755482565478
2.07128045944806
2.06701266234832
2.06274486524858
2.05847706814884
2.0542092710491
2.04994147394936
2.04567367684962
2.04140587974988
2.03713808265014
2.0328702855504
2.02860248845066
2.02433469135092
2.02006689425118
2.01579909715144
2.0115313000517
2.00726350295196
2.00299570585222
1.99872790875248
1.99446011165274
1.990192314553
1.98592451745326
1.98165672035352
1.97738892325378
1.97312112615404
1.9688533290543
1.96458553195456
1.96031773485482
1.95604993775508
1.95178214065534
1.9475143435556
1.94324654645586
1.93897874935612
1.93471095225638
1.93044315515663
1.92617535805689
1.92190756095715
1.91763976385741
1.91337196675767
1.90910416965793
1.90483637255819
1.90056857545845
1.89630077835871
1.89203298125897
1.88776518415923
1.88349738705949
1.87922958995975
1.87496179286001
1.87069399576027
1.86642619866053
1.86215840156079
1.85789060446105
1.85362280736131
1.84935501026157
1.84508721316183
1.84081941606209
1.83655161896235
1.83228382186261
1.82801602476287
1.82374822766313
1.81948043056339
1.81521263346365
1.81094483636391
1.80667703926417
1.80240924216443
1.79814144506469
1.79387364796495
1.78960585086521
1.78533805376547
1.78107025666573
1.77680245956599
1.77253466246625
1.76826686536651
1.76399906826677
1.75973127116703
1.75546347406729
1.75119567696755
1.74692787986781
1.74266008276807
1.73839228566833
1.73412448856859
1.72985669146885
1.72558889436911
1.72132109726937
1.71705330016963
1.71278550306989
1.70851770597015
1.70424990887041
1.69998211177067
1.69571431467093
1.69144651757119
1.68717872047145
1.68291092337171
1.67864312627197
1.67437532917223
1.67010753207249
1.66583973497275
1.66157193787301
1.65730414077327
1.65303634367353
1.64876854657379
1.64450074947405
1.64023295237431
1.63596515527457
1.63169735817483
1.62742956107509
1.62316176397535
1.61889396687561
1.61462616977587
1.61035837267613
1.60609057557639
1.60182277847665
1.59755498137691
1.59328718427717
1.58901938717743
1.58475159007769
1.58048379297795
1.57621599587821
1.57194819877847
1.56768040167873
1.56341260457899
1.55914480747925
1.55487701037951
1.55060921327977
1.54634141618003
1.54207361908029
1.53780582198055
1.53353802488081
1.52927022778107
1.52500243068133
1.52073463358159
1.51646683648185
1.51219903938211
1.50793124228237
1.50366344518263
1.49939564808289
1.49512785098315
1.49086005388341
1.48659225678367
1.48232445968393
1.47805666258419
1.47378886548445
1.46952106838471
1.46525327128496
1.46098547418522
1.45671767708548
1.45244987998574
1.448182082886
1.44391428578626
1.43964648868652
1.43537869158678
1.43111089448704
1.4268430973873
1.42257530028756
1.41830750318782
1.41403970608808
1.40977190898834
1.4055041118886
1.40123631478886
1.39696851768912
1.39270072058938
1.38843292348964
1.3841651263899
1.37989732929016
1.37562953219042
1.37136173509068
1.36709393799094
1.3628261408912
1.35855834379146
1.35429054669172
1.35002274959198
1.34575495249224
1.3414871553925
1.33721935829276
1.33295156119302
1.32868376409328
1.32441596699354
1.3201481698938
1.31588037279406
1.31161257569432
1.30734477859458
1.30307698149484
1.2988091843951
1.29454138729536
1.29027359019562
1.28600579309588
1.28173799599614
1.2774701988964
1.27320240179666
1.26893460469692
1.26466680759718
1.26039901049744
1.2561312133977
1.25186341629796
1.24759561919822
1.24332782209848
1.23906002499874
1.234792227899
1.23052443079926
1.22625663369952
1.22198883659978
1.21772103950004
1.2134532424003
1.20918544530056
1.20491764820082
1.20064985110108
1.19638205400134
1.1921142569016
1.18784645980186
1.18357866270212
1.17931086560238
1.17504306850264
1.1707752714029
1.16650747430316
1.16223967720342
1.15797188010368
1.15370408300394
1.1494362859042
1.14516848880446
1.14090069170472
1.13663289460498
1.13236509750524
1.1280973004055
1.12382950330576
1.11956170620602
1.11529390910628
1.11102611200654
1.1067583149068
1.10249051780706
1.09822272070732
1.09395492360758
1.08968712650784
1.0854193294081
1.08115153230836
1.07688373520862
1.07261593810888
1.06834814100914
1.0640803439094
1.05981254680966
1.05554474970992
1.05127695261018
1.04700915551044
1.0427413584107
1.03847356131096
1.03420576421122
1.02993796711148
1.02567017001174
1.021402372912
1.01713457581226
1.01286677871252
1.00859898161278
1.00433118451304
1.0000633874133
0.995795590313555
0.991527793213815
0.987259996114075
0.982992199014335
0.978724401914595
0.974456604814855
0.970188807715115
0.965921010615375
0.961653213515635
0.957385416415894
0.953117619316154
0.948849822216414
0.944582025116674
0.940314228016934
0.936046430917194
0.931778633817454
0.927510836717714
0.923243039617974
0.918975242518234
0.914707445418494
0.910439648318753
0.906171851219013
0.901904054119273
0.897636257019533
0.893368459919793
0.889100662820053
0.884832865720313
0.880565068620573
0.876297271520833
0.872029474421093
0.867761677321353
0.863493880221613
0.859226083121872
0.854958286022132
0.850690488922392
0.846422691822652
0.842154894722912
0.837887097623172
0.833619300523432
0.829351503423692
0.825083706323952
0.820815909224212
0.816548112124472
0.812280315024731
0.808012517924991
0.803744720825251
0.799476923725511
0.795209126625771
0.790941329526031
0.786673532426291
0.782405735326551
0.778137938226811
0.773870141127071
0.769602344027331
0.765334546927591
0.76106674982785
0.75679895272811
0.75253115562837
0.74826335852863
0.74399556142889
0.73972776432915
0.73545996722941
0.73119217012967
0.72692437302993
0.72265657593019
0.718388778830449
0.714120981730709
0.709853184630969
0.705585387531229
0.701317590431489
0.697049793331749
0.692781996232009
0.688514199132269
0.684246402032529
0.679978604932788
0.675710807833048
0.671443010733308
0.667175213633568
0.662907416533828
0.658639619434088
0.654371822334348
0.650104025234608
0.645836228134868
0.641568431035128
0.637300633935387
0.633032836835647
0.628765039735907
0.624497242636167
0.620229445536427
0.615961648436687
0.611693851336947
0.607426054237207
0.603158257137467
0.598890460037727
0.594622662937986
0.590354865838246
0.586087068738506
0.581819271638766
0.577551474539026
0.573283677439286
0.569015880339546
0.564748083239806
0.560480286140066
0.556212489040326
0.551944691940586
0.547676894840846
0.543409097741105
0.539141300641365
0.534873503541625
0.530605706441885
0.526337909342145
0.522070112242405
0.517802315142665
0.513534518042925
0.509266720943185
0.504998923843445
0.500731126743705
0.496463329643964
0.492195532544224
0.487927735444484
0.483659938344744
0.479392141245004
0.475124344145264
0.470856547045524
0.466588749945784
0.462320952846044
0.458053155746304
0.453785358646564
0.449517561546823
0.445249764447083
0.440981967347343
0.436714170247603
0.432446373147863
0.428178576048123
0.423910778948383
0.419642981848643
0.415375184748903
0.411107387649163
0.406839590549423
0.402571793449683
0.398303996349942
0.394036199250202
0.389768402150462
0.385500605050722
0.381232807950982
0.376965010851242
0.372697213751502
0.368429416651762
0.364161619552022
0.359893822452282
0.355626025352542
0.351358228252801
0.347090431153061
0.342822634053321
0.338554836953581
0.334287039853841
0.330019242754101
0.325751445654361
0.321483648554621
0.317215851454881
0.312948054355141
0.308680257255401
0.304412460155661
0.30014466305592
0.29587686595618
0.29160906885644
0.2873412717567
0.28307347465696
0.27880567755722
0.27453788045748
0.27027008335774
0.266002286258
0.261734489158259
0.25746669205852
0.253198894958779
0.24893109785904
0.244663300759299
0.240395503659559
0.236127706559819
0.231859909460079
0.227592112360339
0.223324315260599
0.219056518160859
0.214788721061119
0.210520923961378
0.206253126861639
0.201985329761898
0.197717532662159
0.193449735562418
0.189181938462678
0.184914141362938
0.180646344263198
0.176378547163458
0.172110750063718
0.167842952963977
0.163575155864238
0.159307358764497
0.155039561664758
0.150771764565017
0.146503967465278
0.142236170365537
0.137968373265797
0.133700576166057
0.129432779066317
0.125164981966577
0.120897184866837
0.116629387767096
0.112361590667357
0.108093793567616
0.103825996467877
0.0995581993681363
0.0952904022683958
0.0910226051686562
0.0867548080689158
0.0824870109691762
0.0782192138694358
0.0739514167696962
0.0696836196699557
0.0654158225702153
0.0611480254704757
0.0568802283707353
0.0526124312709957
0.0483446341712552
0.0440768370715148
0.0398090399717752
0.0355412428720348
0.0312734457722952
0.0270056486725547
0.0227378515728143
0.0184700544730747
0.0142022573733342
0.00993446027359463
