25.6239107794666
25.3650833978573
25.106256016248
24.8474286346388
24.5886012530295
24.3297738714202
24.070946489811
23.8121191082017
23.5532917265924
23.2944643449832
23.0356369633739
22.7768095817646
22.5179822001554
22.2591548185461
22.0003274369368
21.7415000553276
21.4826726737183
21.2238452921091
20.9650179104998
20.7061905288905
20.4473631472813
20.188535765672
19.9297083840627
19.6708810024535
19.4120536208442
19.1532262392349
18.8943988576257
18.6355714760164
18.3767440944071
18.1179167127979
17.8590893311886
17.6002619495794
17.3414345679701
17.0826071863608
16.8237798047516
16.5649524231423
16.306125041533
16.0472976599238
15.7884702783145
15.5296428967052
15.270815515096
15.0119881334867
14.7531607518774
14.4943333702682
14.2355059886589
13.9766786070496
13.7178512254404
13.4590238438311
13.2001964622219
12.9413690806126
12.6825416990033
12.4237143173941
12.1648869357848
11.9060595541755
11.6472321725663
11.388404790957
11.1295774093477
10.8707500277385
10.6119226461292
10.3530952645199
10.0942678829107
9.83544050130141
9.57661311969215
9.31778573808289
9.05895835647362
8.80013097486436
8.54130359325509
8.28247621164583
8.02364883003656
7.7648214484273
7.50599406681803
7.24716668520877
6.98833930359951
6.72951192199024
6.47068454038098
6.21185715877171
5.95302977716245
5.69420239555318
5.43537501394392
5.17654763233465
4.91772025072539
4.65889286911612
4.40006548750686
4.1412381058976
3.88241072428833
3.62358334267907
3.3647559610698
3.10592857946054
2.84710119785127
2.58827381624201
2.32944643463274
2.07061905302348
1.81179167141421
1.55296428980495
1.29413690819569
1.03530952658642
0.776482144977155
0.51765476336789
0.258827381758625
1.49362237012944e-10
