40.6756256001242
40.2647606950851
39.853895790046
39.4430308850069
39.0321659799678
38.6213010749287
38.2104361698897
37.7995712648506
37.3887063598115
36.9778414547724
36.5669765497333
36.1561116446942
35.7452467396552
35.3343818346161
34.923516929577
34.5126520245379
34.1017871194988
33.6909222144597
33.2800573094207
32.8691924043816
32.4583274993425
32.0474625943034
31.6365976892643
31.2257327842252
30.8148678791862
30.4040029741471
29.993138069108
29.5822731640689
29.1714082590298
28.7605433539907
28.3496784489517
27.9388135439126
27.5279486388735
27.1170837338344
26.7062188287953
26.2953539237562
25.8844890187172
25.4736241136781
25.062759208639
24.6518943035999
24.2410293985608
23.8301644935217
23.4192995884827
23.0084346834436
22.5975697784045
22.1867048733654
21.7758399683263
21.3649750632872
20.9541101582482
20.5432452532091
20.13238034817
19.7215154431309
19.3106505380918
18.8997856330527
18.4889207280137
18.0780558229746
17.6671909179355
17.2563260128964
16.8454611078573
16.4345962028182
16.0237312977792
15.6128663927401
15.202001487701
14.7911365826619
14.3802716776228
13.9694067725837
13.5585418675447
13.1476769625056
12.7368120574665
12.3259471524274
11.9150822473883
11.5042173423492
11.0933524373102
10.6824875322711
10.271622627232
9.8607577221929
9.44989281715382
9.03902791211474
8.62816300707566
8.21729810203657
7.80643319699749
7.3955682919584
6.98470338691932
6.57383848188024
6.16297357684115
5.75210867180207
5.34124376676299
4.9303788617239
4.51951395668483
4.10864905164574
3.69778414660666
3.28691924156757
2.87605433652849
2.46518943148941
2.05432452645032
1.64345962141124
1.23259471637216
0.821729811333071
0.410864906293988
1.25490665973699e-09
