12.3046265986209
12.2923096550792
12.2799927115376
12.2676757679959
12.2553588244542
12.2430418809125
12.2307249373708
12.2184079938291
12.2060910502875
12.1937741067458
12.1814571632041
12.1691402196624
12.1568232761207
12.1445063325791
12.1321893890374
12.1198724454957
12.107555501954
12.0952385584123
12.0829216148707
12.070604671329
12.0582877277873
12.0459707842456
12.0336538407039
12.0213368971623
12.0090199536206
11.9967030100789
11.9843860665372
11.9720691229955
11.9597521794538
11.9474352359122
11.9351182923705
11.9228013488288
11.9104844052871
11.8981674617454
11.8858505182038
11.8735335746621
11.8612166311204
11.8488996875787
11.836582744037
11.8242658004954
11.8119488569537
11.799631913412
11.7873149698703
11.7749980263286
11.762681082787
11.7503641392453
11.7380471957036
11.7257302521619
11.7134133086202
11.7010963650785
11.6887794215369
11.6764624779952
11.6641455344535
11.6518285909118
11.6395116473701
11.6271947038285
11.6148777602868
11.6025608167451
11.5902438732034
11.5779269296617
11.5656099861201
11.5532930425784
11.5409760990367
11.528659155495
11.5163422119533
11.5040252684117
11.49170832487
11.4793913813283
11.4670744377866
11.4547574942449
11.4424405507032
11.4301236071616
11.4178066636199
11.4054897200782
11.3931727765365
11.3808558329948
11.3685388894532
11.3562219459115
11.3439050023698
11.3315880588281
11.3192711152864
11.3069541717448
11.2946372282031
11.2823202846614
11.2700033411197
11.257686397578
11.2453694540364
11.2330525104947
11.220735566953
11.2084186234113
11.1961016798696
11.1837847363279
11.1714677927863
11.1591508492446
11.1468339057029
11.1345169621612
11.1222000186195
11.1098830750779
11.0975661315362
11.0852491879945
11.0729322444528
11.0606153009111
11.0482983573695
11.0359814138278
11.0236644702861
11.0113475267444
10.9990305832027
10.9867136396611
10.9743966961194
10.9620797525777
10.949762809036
10.9374458654943
10.9251289219526
10.912811978411
10.9004950348693
10.8881780913276
10.8758611477859
10.8635442042442
10.8512272607026
10.8389103171609
10.8265933736192
10.8142764300775
10.8019594865358
10.7896425429942
10.7773255994525
10.7650086559108
10.7526917123691
10.7403747688274
10.7280578252858
10.7157408817441
10.7034239382024
10.6911069946607
10.678790051119
10.6664731075773
10.6541561640357
10.641839220494
10.6295222769523
10.6172053334106
10.6048883898689
10.5925714463273
10.5802545027856
10.5679375592439
10.5556206157022
10.5433036721605
10.5309867286189
10.5186697850772
10.5063528415355
10.4940358979938
10.4817189544521
10.4694020109105
10.4570850673688
10.4447681238271
10.4324511802854
10.4201342367437
10.407817293202
10.3955003496604
10.3831834061187
10.370866462577
10.3585495190353
10.3462325754936
10.333915631952
10.3215986884103
10.3092817448686
10.2969648013269
10.2846478577852
10.2723309142436
10.2600139707019
10.2476970271602
10.2353800836185
10.2230631400768
10.2107461965352
10.1984292529935
10.1861123094518
10.1737953659101
10.1614784223684
10.1491614788267
10.1368445352851
10.1245275917434
10.1122106482017
10.09989370466
10.0875767611183
10.0752598175767
10.062942874035
10.0506259304933
10.0383089869516
10.0259920434099
10.0136750998683
10.0013581563266
9.9890412127849
9.97672426924322
9.96440732570153
9.95209038215985
9.93977343861817
9.92745649507649
9.91513955153481
9.90282260799313
9.89050566445145
9.87818872090977
9.86587177736809
9.85355483382641
9.84123789028472
9.82892094674304
9.81660400320136
9.80428705965968
9.791970116118
9.77965317257632
9.76733622903464
9.75501928549296
9.74270234195128
9.7303853984096
9.71806845486791
9.70575151132623
9.69343456778455
9.68111762424287
9.66880068070119
9.65648373715951
9.64416679361783
9.63184985007615
9.61953290653447
9.60721596299279
9.59489901945111
9.58258207590942
9.57026513236774
9.55794818882606
9.54563124528438
9.5333143017427
9.52099735820102
9.50868041465934
9.49636347111766
9.48404652757598
9.4717295840343
9.45941264049262
9.44709569695094
9.43477875340925
9.42246180986757
9.41014486632589
9.39782792278421
9.38551097924253
9.37319403570085
9.36087709215917
9.34856014861749
9.33624320507581
9.32392626153413
9.31160931799244
9.29929237445076
9.28697543090908
9.2746584873674
9.26234154382572
9.25002460028404
9.23770765674236
9.22539071320068
9.213073769659
9.20075682611732
9.18843988257563
9.17612293903395
9.16380599549227
9.15148905195059
9.13917210840891
9.12685516486723
9.11453822132555
9.10222127778387
9.08990433424219
9.07758739070051
9.06527044715883
9.05295350361714
9.04063656007546
9.02831961653378
9.0160026729921
9.00368572945042
8.99136878590874
8.97905184236706
8.96673489882538
8.9544179552837
8.94210101174202
8.92978406820034
8.91746712465865
8.90515018111697
8.89283323757529
8.88051629403361
8.86819935049193
8.85588240695025
8.84356546340857
8.83124851986689
8.81893157632521
8.80661463278352
8.79429768924184
8.78198074570016
8.76966380215848
8.7573468586168
8.74502991507512
8.73271297153344
8.72039602799176
8.70807908445008
8.6957621409084
8.68344519736672
8.67112825382504
8.65881131028335
8.64649436674167
8.63417742319999
8.62186047965831
8.60954353611663
8.59722659257495
8.58490964903327
8.57259270549159
8.56027576194991
8.54795881840823
8.53564187486655
8.52332493132486
8.51100798778318
8.4986910442415
8.48637410069982
8.47405715715814
8.46174021361646
8.44942327007478
8.4371063265331
8.42478938299142
8.41247243944974
8.40015549590806
8.38783855236637
8.37552160882469
8.36320466528301
8.35088772174133
8.33857077819965
8.32625383465797
8.31393689111629
8.30161994757461
8.28930300403293
8.27698606049125
8.26466911694956
8.25235217340788
8.2400352298662
8.22771828632452
8.21540134278284
8.20308439924116
8.19076745569948
8.1784505121578
8.16613356861612
8.15381662507444
8.14149968153276
8.12918273799107
8.11686579444939
8.10454885090771
8.09223190736603
8.07991496382435
8.06759802028267
8.05528107674099
8.04296413319931
8.03064718965763
8.01833024611595
8.00601330257426
7.99369635903258
7.9813794154909
7.96906247194922
7.95674552840754
7.94442858486586
7.93211164132418
7.9197946977825
7.90747775424082
7.89516081069914
7.88284386715746
7.87052692361577
7.85820998007409
7.84589303653241
7.83357609299073
7.82125914944905
7.80894220590737
7.79662526236569
7.78430831882401
7.77199137528233
7.75967443174065
7.74735748819896
7.73504054465728
7.7227236011156
7.71040665757392
7.69808971403224
7.68577277049056
7.67345582694888
7.6611388834072
7.64882193986552
7.63650499632384
7.62418805278216
7.61187110924048
7.59955416569879
7.58723722215711
7.57492027861543
7.56260333507375
7.55028639153207
7.53796944799039
7.52565250444871
7.51333556090703
7.50101861736535
7.48870167382367
7.47638473028198
7.4640677867403
7.45175084319862
7.43943389965694
7.42711695611526
7.41480001257358
7.4024830690319
7.39016612549022
7.37784918194854
7.36553223840686
7.35321529486518
7.34089835132349
7.32858140778181
7.31626446424013
7.30394752069845
7.29163057715677
7.27931363361509
7.26699669007341
7.25467974653173
7.24236280299005
7.23004585944837
7.21772891590668
7.205411972365
7.19309502882332
7.18077808528164
7.16846114173996
7.15614419819828
7.1438272546566
7.13151031111492
7.11919336757324
7.10687642403156
7.09455948048988
7.08224253694819
7.06992559340651
7.05760864986483
7.04529170632315
7.03297476278147
7.02065781923979
7.00834087569811
6.99602393215643
6.98370698861475
6.97139004507307
6.95907310153139
6.9467561579897
6.93443921444802
6.92212227090634
6.90980532736466
6.89748838382298
6.8851714402813
6.87285449673962
6.86053755319794
6.84822060965626
6.83590366611458
6.8235867225729
6.81126977903121
6.79895283548953
6.78663589194785
6.77431894840617
6.76200200486449
6.74968506132281
6.73736811778113
6.72505117423945
6.71273423069777
6.70041728715609
6.6881003436144
6.67578340007272
6.66346645653104
6.65114951298936
6.63883256944768
6.626515625906
6.61419868236432
6.60188173882264
6.58956479528096
6.57724785173928
6.5649309081976
6.55261396465591
6.54029702111423
6.52798007757255
6.51566313403087
6.50334619048919
6.49102924694751
6.47871230340583
6.46639535986415
6.45407841632247
6.44176147278079
6.42944452923911
6.41712758569742
6.40481064215574
6.39249369861406
6.38017675507238
6.3678598115307
6.35554286798902
6.34322592444734
6.33090898090566
6.31859203736398
6.3062750938223
6.29395815028061
6.28164120673893
6.26932426319725
6.25700731965557
6.24469037611389
6.23237343257221
6.22005648903053
6.20773954548885
6.19542260194717
6.18310565840549
6.17078871486381
6.15847177132212
6.14615482778044
6.13383788423876
6.12152094069708
6.1092039971554
6.09688705361372
6.08457011007204
6.07225316653036
6.05993622298868
6.047619279447
6.03530233590531
6.02298539236363
6.01066844882195
5.99835150528027
5.98603456173859
5.97371761819691
5.96140067465523
5.94908373111355
5.93676678757187
5.92444984403019
5.91213290048851
5.89981595694683
5.88749901340514
5.87518206986346
5.86286512632178
5.8505481827801
5.83823123923842
5.82591429569674
5.81359735215506
5.80128040861338
5.7889634650717
5.77664652153002
5.76432957798833
5.75201263444665
5.73969569090497
5.72737874736329
5.71506180382161
5.70274486027993
5.69042791673825
5.67811097319657
5.66579402965489
5.65347708611321
5.64116014257153
5.62884319902984
5.61652625548816
5.60420931194648
5.5918923684048
5.57957542486312
5.56725848132144
5.55494153777976
5.54262459423808
5.5303076506964
5.51799070715472
5.50567376361303
5.49335682007135
5.48103987652967
5.46872293298799
5.45640598944631
5.44408904590463
5.43177210236295
5.41945515882127
5.40713821527959
5.39482127173791
5.38250432819623
5.37018738465454
5.35787044111286
5.34555349757118
5.3332365540295
5.32091961048782
5.30860266694614
5.29628572340446
5.28396877986278
5.2716518363211
5.25933489277942
5.24701794923774
5.23470100569605
5.22238406215437
5.21006711861269
5.19775017507101
5.18543323152933
5.17311628798765
5.16079934444597
5.14848240090429
5.13616545736261
5.12384851382093
5.11153157027924
5.09921462673756
5.08689768319588
5.0745807396542
5.06226379611252
5.04994685257084
5.03762990902916
5.02531296548748
5.0129960219458
5.00067907840412
4.98836213486244
4.97604519132075
4.96372824777907
4.95141130423739
4.93909436069571
4.92677741715403
4.91446047361235
4.90214353007067
4.88982658652899
4.87750964298731
4.86519269944563
4.85287575590394
4.84055881236226
4.82824186882058
4.8159249252789
4.80360798173722
4.79129103819554
4.77897409465386
4.76665715111218
4.7543402075705
4.74202326402882
4.72970632048714
4.71738937694546
4.70507243340377
4.69275548986209
4.68043854632041
4.66812160277873
4.65580465923705
4.64348771569537
4.63117077215369
4.61885382861201
4.60653688507033
4.59421994152865
4.58190299798696
4.56958605444528
4.5572691109036
4.54495216736192
4.53263522382024
4.52031828027856
4.50800133673688
4.4956843931952
4.48336744965352
4.47105050611184
4.45873356257016
4.44641661902847
4.43409967548679
4.42178273194511
4.40946578840343
4.39714884486175
4.38483190132007
4.37251495777839
4.36019801423671
4.34788107069503
4.33556412715335
4.32324718361166
4.31093024006998
4.2986132965283
4.28629635298662
4.27397940944494
4.26166246590326
4.24934552236158
4.2370285788199
4.22471163527822
4.21239469173654
4.20007774819486
4.18776080465318
4.17544386111149
4.16312691756981
4.15080997402813
4.13849303048645
4.12617608694477
4.11385914340309
4.10154219986141
4.08922525631973
4.07690831277805
4.06459136923637
4.05227442569468
4.039957482153
4.02764053861132
4.01532359506964
4.00300665152796
3.99068970798628
3.9783727644446
3.96605582090292
3.95373887736124
3.94142193381956
3.92910499027787
3.91678804673619
3.90447110319451
3.89215415965283
3.87983721611115
3.86752027256947
3.85520332902779
3.84288638548611
3.83056944194443
3.81825249840275
3.80593555486107
3.79361861131938
3.7813016677777
3.76898472423602
3.75666778069434
3.74435083715266
3.73203389361098
3.7197169500693
3.70740000652762
3.69508306298594
3.68276611944426
3.67044917590258
3.6581322323609
3.64581528881921
3.63349834527753
3.62118140173585
3.60886445819417
3.59654751465249
3.58423057111081
3.57191362756913
3.55959668402745
3.54727974048577
3.53496279694408
3.5226458534024
3.51032890986072
3.49801196631904
3.48569502277736
3.47337807923568
3.461061135694
3.44874419215232
3.43642724861064
3.42411030506896
3.41179336152728
3.39947641798559
3.38715947444391
3.37484253090223
3.36252558736055
3.35020864381887
3.33789170027719
3.32557475673551
3.31325781319383
3.30094086965215
3.28862392611047
3.27630698256879
3.2639900390271
3.25167309548542
3.23935615194374
3.22703920840206
3.21472226486038
3.2024053213187
3.19008837777702
3.17777143423534
3.16545449069366
3.15313754715198
3.1408206036103
3.12850366006861
3.11618671652693
3.10386977298525
3.09155282944357
3.07923588590189
3.06691894236021
3.05460199881853
3.04228505527685
3.02996811173517
3.01765116819348
3.0053342246518
2.99301728111012
2.98070033756844
2.96838339402676
2.95606645048508
2.9437495069434
2.93143256340172
2.91911561986004
2.90679867631836
2.89448173277668
2.882164789235
2.86984784569331
2.85753090215163
2.84521395860995
2.83289701506827
2.82058007152659
2.80826312798491
2.79594618444323
2.78362924090155
2.77131229735987
2.75899535381819
2.74667841027651
2.73436146673482
2.72204452319314
2.70972757965146
2.69741063610978
2.6850936925681
2.67277674902642
2.66045980548474
2.64814286194306
2.63582591840138
2.6235089748597
2.61119203131801
2.59887508777633
2.58655814423465
2.57424120069297
2.56192425715129
2.54960731360961
2.53729037006793
2.52497342652625
2.51265648298457
2.50033953944289
2.4880225959012
2.47570565235952
2.46338870881784
2.45107176527616
2.43875482173448
2.4264378781928
2.41412093465112
2.40180399110944
2.38948704756776
2.37717010402608
2.3648531604844
2.35253621694272
2.34021927340103
2.32790232985935
2.31558538631767
2.30326844277599
2.29095149923431
2.27863455569263
2.26631761215095
2.25400066860927
2.24168372506759
2.22936678152591
2.21704983798423
2.20473289444254
2.19241595090086
2.18009900735918
2.1677820638175
2.15546512027582
2.14314817673414
2.13083123319246
2.11851428965078
2.1061973461091
2.09388040256742
2.08156345902573
2.06924651548405
2.05692957194237
2.04461262840069
2.03229568485901
2.01997874131733
2.00766179777565
1.99534485423397
1.98302791069229
1.97071096715061
1.95839402360892
1.94607708006724
1.93376013652556
1.92144319298388
1.9091262494422
1.89680930590052
1.88449236235884
1.87217541881716
1.85985847527548
1.8475415317338
1.83522458819212
1.82290764465044
1.81059070110875
1.79827375756707
1.78595681402539
1.77363987048371
1.76132292694203
1.74900598340035
1.73668903985867
1.72437209631699
1.71205515277531
1.69973820923363
1.68742126569194
1.67510432215026
1.66278737860858
1.6504704350669
1.63815349152522
1.62583654798354
1.61351960444186
1.60120266090018
1.5888857173585
1.57656877381682
1.56425183027513
1.55193488673345
1.53961794319177
1.52730099965009
1.51498405610841
1.50266711256673
1.49035016902505
1.47803322548337
1.46571628194169
1.45339933840001
1.44108239485833
1.42876545131664
1.41644850777496
1.40413156423328
1.3918146206916
1.37949767714992
1.36718073360824
1.35486379006656
1.34254684652488
1.3302299029832
1.31791295944152
1.30559601589984
1.29327907235816
1.28096212881647
1.26864518527479
1.25632824173311
1.24401129819143
1.23169435464975
1.21937741110807
1.20706046756639
1.19474352402471
1.18242658048303
1.17010963694135
1.15779269339966
1.14547574985798
1.1331588063163
1.12084186277462
1.10852491923294
1.09620797569126
1.08389103214958
1.0715740886079
1.05925714506622
1.04694020152454
1.03462325798285
1.02230631444117
1.00998937089949
0.997672427357813
0.98535548381613
0.97303854027445
0.960721596732769
0.948404653191089
0.936087709649408
0.923770766107726
0.911453822566045
0.899136879024365
0.886819935482684
0.874502991941002
0.862186048399321
0.849869104857641
0.83755216131596
0.82523521777428
0.812918274232597
0.800601330690917
0.788284387149236
0.775967443607556
0.763650500065875
0.751333556524193
0.739016612982512
0.726699669440832
0.714382725899151
0.702065782357469
0.689748838815788
0.677431895274108
0.665114951732427
0.652798008190747
0.640481064649064
0.628164121107384
0.615847177565703
0.603530234024023
0.591213290482342
0.57889634694066
0.566579403398979
0.554262459857298
0.541945516315618
0.529628572773936
0.517311629232255
0.504994685690574
0.492677742148894
0.480360798607213
0.468043855065531
0.45572691152385
0.44340996798217
0.431093024440489
0.418776080898809
0.406459137357126
0.394142193815446
0.381825250273765
0.369508306732085
0.357191363190402
0.344874419648722
0.332557476107041
0.320240532565361
0.30792358902368
0.295606645481998
0.283289701940317
0.270972758398637
0.258655814856956
0.246338871315276
0.234021927773593
0.221704984231913
0.209388040690232
0.197071097148552
0.184754153606871
0.172437210065189
0.160120266523508
0.147803322981828
0.135486379440147
0.123169435898465
0.110852492356784
0.0985355488151036
0.0862186052734231
0.0739016617317425
0.0615847181900602
0.0492677746483796
0.0369508311066991
0.0246338875650185
0.0123169440233379
4.81655800926673e-10
