34.2629675467538
33.9168769655057
33.5707863842575
33.2246958030094
32.8786052217613
32.5325146405131
32.186424059265
31.8403334780169
31.4942428967688
31.1481523155206
30.8020617342725
30.4559711530244
30.1098805717762
29.7637899905281
29.41769940928
29.0716088280318
28.7255182467837
28.3794276655356
28.0333370842875
27.6872465030393
27.3411559217912
26.9950653405431
26.6489747592949
26.3028841780468
25.9567935967987
25.6107030155505
25.2646124343024
24.9185218530543
24.5724312718061
24.226340690558
23.8802501093099
23.5341595280618
23.1880689468136
22.8419783655655
22.4958877843174
22.1497972030692
21.8037066218211
21.457616040573
21.1115254593248
20.7654348780767
20.4193442968286
20.0732537155805
19.7271631343323
19.3810725530842
19.0349819718361
18.6888913905879
18.3428008093398
17.9967102280917
17.6506196468435
17.3045290655954
16.9584384843473
16.6123479030992
16.266257321851
15.9201667406029
15.5740761593548
15.2279855781066
14.8818949968585
14.5358044156104
14.1897138343622
13.8436232531141
13.497532671866
13.1514420906179
12.8053515093697
12.4592609281216
12.1131703468735
11.7670797656253
11.4209891843772
11.0748986031291
10.7288080218809
10.3827174406328
10.0366268593847
9.69053627813656
9.34444569688843
8.9983551156403
8.65226453439217
8.30617395314404
7.96008337189591
7.61399279064777
7.26790220939965
6.92181162815152
6.57572104690339
6.22963046565526
5.88353988440712
5.537449303159
5.19135872191087
4.84526814066274
4.4991775594146
4.15308697816647
3.80699639691834
3.46090581567022
3.11481523442209
2.76872465317395
2.42263407192582
2.07654349067769
1.73045290942957
1.38436232818143
1.0382717469333
0.692181165685177
0.346090584437043
3.18891409065945e-09
