12.3046265986209
12.1803374410639
12.056048283507
11.93175912595
11.8074699683931
11.6831808108361
11.5588916532791
11.4346024957222
11.3103133381652
11.1860241806083
11.0617350230513
10.9374458654943
10.8131567079374
10.6888675503804
10.5645783928234
10.4402892352665
10.3160000777095
10.1917109201526
10.0674217625956
9.94313260503863
9.81884344748167
9.69455428992471
9.57026513236774
9.44597597481078
9.32168681725382
9.19739765969686
9.0731085021399
8.94881934458293
8.82453018702597
8.70024102946901
8.57595187191205
8.45166271435508
8.32737355679812
8.20308439924116
8.0787952416842
7.95450608412724
7.83021692657027
7.70592776901331
7.58163861145635
7.45734945389939
7.33306029634242
7.20877113878546
7.0844819812285
6.96019282367154
6.83590366611458
6.71161450855761
6.58732535100065
6.46303619344369
6.33874703588673
6.21445787832976
6.0901687207728
5.96587956321584
5.84159040565888
5.71730124810192
5.59301209054495
5.46872293298799
5.34443377543103
5.22014461787407
5.09585546031711
4.97156630276014
4.84727714520318
4.72298798764622
4.59869883008926
4.47440967253229
4.35012051497533
4.22583135741837
4.10154219986141
3.97725304230445
3.85296388474748
3.72867472719052
3.60438556963356
3.4800964120766
3.35580725451963
3.23151809696267
3.10722893940571
2.98293978184875
2.85865062429179
2.73436146673482
2.61007230917786
2.4857831516209
2.36149399406394
2.23720483650698
2.11291567895001
1.98862652139305
1.86433736383609
1.74004820627913
1.61575904872216
1.4914698911652
1.36718073360824
1.24289157605128
1.11860241849432
0.994313260937354
0.870024103380391
0.745734945823429
0.621445788266467
0.497156630709505
0.372867473152542
0.24857831559558
0.124289158038618
4.81655800926673e-10
