4.68866670345405
4.683973343422
4.67927998338996
4.67458662335791
4.66989326332587
4.66519990329382
4.66050654326178
4.65581318322973
4.65111982319769
4.64642646316564
4.6417331031336
4.63703974310155
4.63234638306951
4.62765302303746
4.62295966300542
4.61826630297337
4.61357294294133
4.60887958290928
4.60418622287724
4.59949286284519
4.59479950281315
4.5901061427811
4.58541278274906
4.58071942271701
4.57602606268497
4.57133270265292
4.56663934262088
4.56194598258883
4.55725262255678
4.55255926252474
4.54786590249269
4.54317254246065
4.5384791824286
4.53378582239656
4.52909246236451
4.52439910233247
4.51970574230042
4.51501238226838
4.51031902223633
4.50562566220429
4.50093230217224
4.4962389421402
4.49154558210815
4.48685222207611
4.48215886204406
4.47746550201202
4.47277214197997
4.46807878194793
4.46338542191588
4.45869206188384
4.45399870185179
4.44930534181974
4.4446119817877
4.43991862175565
4.43522526172361
4.43053190169156
4.42583854165952
4.42114518162747
4.41645182159543
4.41175846156338
4.40706510153134
4.40237174149929
4.39767838146725
4.3929850214352
4.38829166140316
4.38359830137111
4.37890494133907
4.37421158130702
4.36951822127498
4.36482486124293
4.36013150121089
4.35543814117884
4.35074478114679
4.34605142111475
4.3413580610827
4.33666470105066
4.33197134101861
4.32727798098657
4.32258462095452
4.31789126092248
4.31319790089043
4.30850454085839
4.30381118082634
4.2991178207943
4.29442446076225
4.28973110073021
4.28503774069816
4.28034438066612
4.27565102063407
4.27095766060203
4.26626430056998
4.26157094053794
4.25687758050589
4.25218422047385
4.2474908604418
4.24279750040976
4.23810414037771
4.23341078034566
4.22871742031362
4.22402406028157
4.21933070024953
4.21463734021748
4.20994398018544
4.20525062015339
4.20055726012135
4.1958639000893
4.19117054005726
4.18647718002521
4.18178381999317
4.17709045996112
4.17239709992908
4.16770373989703
4.16301037986499
4.15831701983294
4.1536236598009
4.14893029976885
4.14423693973681
4.13954357970476
4.13485021967272
4.13015685964067
4.12546349960863
4.12077013957658
4.11607677954454
4.11138341951249
4.10669005948044
4.1019966994484
4.09730333941635
4.09260997938431
4.08791661935226
4.08322325932022
4.07852989928817
4.07383653925613
4.06914317922408
4.06444981919204
4.05975645915999
4.05506309912795
4.0503697390959
4.04567637906386
4.04098301903181
4.03628965899977
4.03159629896772
4.02690293893568
4.02220957890363
4.01751621887159
4.01282285883954
4.0081294988075
4.00343613877545
3.9987427787434
3.99404941871136
3.98935605867931
3.98466269864727
3.97996933861522
3.97527597858318
3.97058261855113
3.96588925851909
3.96119589848704
3.956502538455
3.95180917842295
3.94711581839091
3.94242245835886
3.93772909832682
3.93303573829477
3.92834237826273
3.92364901823068
3.91895565819864
3.91426229816659
3.90956893813455
3.9048755781025
3.90018221807046
3.89548885803841
3.89079549800636
3.88610213797432
3.88140877794227
3.87671541791023
3.87202205787818
3.86732869784614
3.86263533781409
3.85794197778205
3.85324861775
3.84855525771796
3.84386189768591
3.83916853765387
3.83447517762182
3.82978181758978
3.82508845755773
3.82039509752569
3.81570173749364
3.8110083774616
3.80631501742955
3.80162165739751
3.79692829736546
3.79223493733342
3.78754157730137
3.78284821726932
3.77815485723728
3.77346149720523
3.76876813717319
3.76407477714114
3.7593814171091
3.75468805707705
3.74999469704501
3.74530133701296
3.74060797698092
3.73591461694887
3.73122125691683
3.72652789688478
3.72183453685274
3.71714117682069
3.71244781678865
3.7077544567566
3.70306109672456
3.69836773669251
3.69367437666047
3.68898101662842
3.68428765659638
3.67959429656433
3.67490093653229
3.67020757650024
3.66551421646819
3.66082085643615
3.6561274964041
3.65143413637206
3.64674077634001
3.64204741630797
3.63735405627592
3.63266069624388
3.62796733621183
3.62327397617979
3.61858061614774
3.6138872561157
3.60919389608365
3.60450053605161
3.59980717601956
3.59511381598752
3.59042045595547
3.58572709592343
3.58103373589138
3.57634037585934
3.57164701582729
3.56695365579525
3.5622602957632
3.55756693573116
3.55287357569911
3.54818021566706
3.54348685563502
3.53879349560297
3.53410013557093
3.52940677553888
3.52471341550684
3.52002005547479
3.51532669544275
3.5106333354107
3.50593997537866
3.50124661534661
3.49655325531457
3.49185989528252
3.48716653525048
3.48247317521843
3.47777981518639
3.47308645515434
3.4683930951223
3.46369973509025
3.45900637505821
3.45431301502616
3.44961965499412
3.44492629496207
3.44023293493002
3.43553957489798
3.43084621486593
3.42615285483389
3.42145949480184
3.4167661347698
3.41207277473775
3.40737941470571
3.40268605467366
3.39799269464162
3.39329933460957
3.38860597457753
3.38391261454548
3.37921925451344
3.37452589448139
3.36983253444935
3.3651391744173
3.36044581438526
3.35575245435321
3.35105909432117
3.34636573428912
3.34167237425708
3.33697901422503
3.33228565419298
3.32759229416094
3.32289893412889
3.31820557409685
3.3135122140648
3.30881885403276
3.30412549400071
3.29943213396867
3.29473877393662
3.29004541390458
3.28535205387253
3.28065869384049
3.27596533380844
3.2712719737764
3.26657861374435
3.26188525371231
3.25719189368026
3.25249853364822
3.24780517361617
3.24311181358413
3.23841845355208
3.23372509352004
3.22903173348799
3.22433837345595
3.2196450134239
3.21495165339185
3.21025829335981
3.20556493332776
3.20087157329572
3.19617821326367
3.19148485323163
3.18679149319958
3.18209813316754
3.17740477313549
3.17271141310345
3.1680180530714
3.16332469303936
3.15863133300731
3.15393797297527
3.14924461294322
3.14455125291118
3.13985789287913
3.13516453284709
3.13047117281504
3.125777812783
3.12108445275095
3.11639109271891
3.11169773268686
3.10700437265481
3.10231101262277
3.09761765259072
3.09292429255868
3.08823093252663
3.08353757249459
3.07884421246254
3.0741508524305
3.06945749239845
3.06476413236641
3.06007077233436
3.05537741230232
3.05068405227027
3.04599069223823
3.04129733220618
3.03660397217414
3.03191061214209
3.02721725211005
3.022523892078
3.01783053204596
3.01313717201391
3.00844381198187
3.00375045194982
2.99905709191778
2.99436373188573
2.98967037185369
2.98497701182164
2.98028365178959
2.97559029175755
2.9708969317255
2.96620357169346
2.96151021166141
2.95681685162937
2.95212349159732
2.94743013156528
2.94273677153323
2.93804341150119
2.93335005146914
2.9286566914371
2.92396333140505
2.91926997137301
2.91457661134096
2.90988325130892
2.90518989127687
2.90049653124483
2.89580317121278
2.89110981118074
2.88641645114869
2.88172309111664
2.8770297310846
2.87233637105255
2.86764301102051
2.86294965098846
2.85825629095642
2.85356293092437
2.84886957089233
2.84417621086028
2.83948285082824
2.83478949079619
2.83009613076415
2.8254027707321
2.82070941070006
2.81601605066801
2.81132269063597
2.80662933060392
2.80193597057188
2.79724261053983
2.79254925050779
2.78785589047574
2.7831625304437
2.77846917041165
2.7737758103796
2.76908245034756
2.76438909031551
2.75969573028347
2.75500237025142
2.75030901021938
2.74561565018733
2.74092229015529
2.73622893012324
2.7315355700912
2.72684221005915
2.72214885002711
2.71745548999506
2.71276212996302
2.70806876993097
2.70337540989893
2.69868204986688
2.69398868983484
2.68929532980279
2.68460196977075
2.6799086097387
2.67521524970666
2.67052188967461
2.66582852964257
2.66113516961052
2.65644180957847
2.65174844954643
2.64705508951438
2.64236172948234
2.63766836945029
2.63297500941825
2.6282816493862
2.62358828935416
2.61889492932211
2.61420156929007
2.60950820925802
2.60481484922598
2.60012148919393
2.59542812916189
2.59073476912984
2.5860414090978
2.58134804906575
2.57665468903371
2.57196132900166
2.56726796896962
2.56257460893757
2.55788124890553
2.55318788887348
2.54849452884144
2.54380116880939
2.53910780877734
2.5344144487453
2.52972108871325
2.52502772868121
2.52033436864916
2.51564100861712
2.51094764858507
2.50625428855303
2.50156092852098
2.49686756848894
2.49217420845689
2.48748084842485
2.4827874883928
2.47809412836076
2.47340076832871
2.46870740829667
2.46401404826462
2.45932068823258
2.45462732820053
2.44993396816849
2.44524060813644
2.4405472481044
2.43585388807235
2.43116052804031
2.42646716800826
2.42177380797621
2.41708044794417
2.41238708791212
2.40769372788008
2.40300036784803
2.39830700781599
2.39361364778394
2.3889202877519
2.38422692771985
2.37953356768781
2.37484020765576
2.37014684762372
2.36545348759167
2.36076012755963
2.35606676752758
2.35137340749554
2.34668004746349
2.34198668743145
2.3372933273994
2.33259996736736
2.32790660733531
2.32321324730327
2.31851988727122
2.31382652723917
2.30913316720713
2.30443980717508
2.29974644714304
2.29505308711099
2.29035972707895
2.2856663670469
2.28097300701486
2.27627964698281
2.27158628695077
2.26689292691872
2.26219956688668
2.25750620685463
2.25281284682259
2.24811948679054
2.2434261267585
2.23873276672645
2.23403940669441
2.22934604666236
2.22465268663032
2.21995932659827
2.21526596656623
2.21057260653418
2.20587924650214
2.20118588647009
2.19649252643804
2.191799166406
2.18710580637395
2.18241244634191
2.17771908630986
2.17302572627782
2.16833236624577
2.16363900621373
2.15894564618168
2.15425228614964
2.14955892611759
2.14486556608555
2.1401722060535
2.13547884602146
2.13078548598941
2.12609212595737
2.12139876592532
2.11670540589328
2.11201204586123
2.10731868582919
2.10262532579714
2.09793196576509
2.09323860573305
2.088545245701
2.08385188566896
2.07915852563691
2.07446516560487
2.06977180557282
2.06507844554078
2.06038508550873
2.05569172547669
2.05099836544464
2.0463050054126
2.04161164538055
2.03691828534851
2.03222492531646
2.02753156528442
2.02283820525237
2.01814484522033
2.01345148518828
2.00875812515624
2.00406476512419
1.99937140509215
1.9946780450601
1.98998468502806
1.98529132499601
1.98059796496397
1.97590460493192
1.97121124489987
1.96651788486783
1.96182452483578
1.95713116480374
1.95243780477169
1.94774444473965
1.9430510847076
1.93835772467556
1.93366436464351
1.92897100461147
1.92427764457942
1.91958428454738
1.91489092451533
1.91019756448329
1.90550420445124
1.9008108444192
1.89611748438715
1.89142412435511
1.88673076432306
1.88203740429102
1.87734404425897
1.87265068422693
1.86795732419488
1.86326396416283
1.85857060413079
1.85387724409874
1.8491838840667
1.84449052403465
1.83979716400261
1.83510380397056
1.83041044393852
1.82571708390647
1.82102372387443
1.81633036384238
1.81163700381034
1.80694364377829
1.80225028374625
1.7975569237142
1.79286356368216
1.78817020365011
1.78347684361807
1.77878348358602
1.77409012355398
1.76939676352193
1.76470340348989
1.76001004345784
1.7553166834258
1.75062332339375
1.7459299633617
1.74123660332966
1.73654324329761
1.73184988326557
1.72715652323352
1.72246316320148
1.71776980316943
1.71307644313739
1.70838308310534
1.7036897230733
1.69899636304125
1.69430300300921
1.68960964297716
1.68491628294512
1.68022292291307
1.67552956288103
1.67083620284898
1.66614284281694
1.66144948278489
1.65675612275285
1.6520627627208
1.64736940268876
1.64267604265671
1.63798268262466
1.63328932259262
1.62859596256057
1.62390260252853
1.61920924249648
1.61451588246444
1.60982252243239
1.60512916240035
1.6004358023683
1.59574244233626
1.59104908230421
1.58635572227217
1.58166236224012
1.57696900220808
1.57227564217603
1.56758228214399
1.56288892211194
1.5581955620799
1.55350220204785
1.54880884201581
1.54411548198376
1.53942212195172
1.53472876191967
1.53003540188762
1.52534204185558
1.52064868182353
1.51595532179149
1.51126196175944
1.5065686017274
1.50187524169535
1.49718188166331
1.49248852163126
1.48779516159922
1.48310180156717
1.47840844153513
1.47371508150308
1.46902172147104
1.46432836143899
1.45963500140695
1.4549416413749
1.45024828134286
1.44555492131081
1.44086156127877
1.43616820124672
1.43147484121468
1.42678148118263
1.42208812115059
1.41739476111854
1.41270140108649
1.40800804105445
1.4033146810224
1.39862132099036
1.39392796095831
1.38923460092627
1.38454124089422
1.37984788086218
1.37515452083013
1.37046116079809
1.36576780076604
1.361074440734
1.35638108070195
1.35168772066991
1.34699436063786
1.34230100060582
1.33760764057377
1.33291428054173
1.32822092050968
1.32352756047764
1.31883420044559
1.31414084041355
1.3094474803815
1.30475412034945
1.30006076031741
1.29536740028536
1.29067404025332
1.28598068022127
1.28128732018923
1.27659396015718
1.27190060012514
1.26720724009309
1.26251388006105
1.257820520029
1.25312715999696
1.24843379996491
1.24374043993287
1.23904707990082
1.23435371986878
1.22966035983673
1.22496699980469
1.22027363977264
1.2155802797406
1.21088691970855
1.20619355967651
1.20150019964446
1.19680683961242
1.19211347958037
1.18742011954832
1.18272675951628
1.17803339948423
1.17334003945219
1.16864667942014
1.1639533193881
1.15925995935605
1.15456659932401
1.14987323929196
1.14517987925992
1.14048651922787
1.13579315919583
1.13109979916378
1.12640643913174
1.12171307909969
1.11701971906765
1.1123263590356
1.10763299900356
1.10293963897151
1.09824627893947
1.09355291890742
1.08885955887538
1.08416619884333
1.07947283881128
1.07477947877924
1.07008611874719
1.06539275871515
1.0606993986831
1.05600603865106
1.05131267861901
1.04661931858697
1.04192595855492
1.03723259852288
1.03253923849083
1.02784587845879
1.02315251842674
1.0184591583947
1.01376579836265
1.00907243833061
1.00437907829856
0.999685718266516
0.994992358234471
0.990298998202426
0.985605638170381
0.980912278138335
0.97621891810629
0.971525558074245
0.9668321980422
0.962138838010155
0.957445477978109
0.952752117946064
0.948058757914019
0.943365397881974
0.938672037849929
0.933978677817883
0.929285317785838
0.924591957753793
0.919898597721748
0.915205237689703
0.910511877657657
0.905818517625612
0.901125157593567
0.896431797561522
0.891738437529477
0.887045077497432
0.882351717465386
0.877658357433341
0.872964997401296
0.868271637369251
0.863578277337206
0.85888491730516
0.854191557273115
0.84949819724107
0.844804837209025
0.84011147717698
0.835418117144934
0.830724757112889
0.826031397080844
0.821338037048799
0.816644677016753
0.811951316984708
0.807257956952663
0.802564596920618
0.797871236888573
0.793177876856527
0.788484516824482
0.783791156792437
0.779097796760392
0.774404436728346
0.769711076696301
0.765017716664256
0.760324356632211
0.755630996600166
0.75093763656812
0.746244276536075
0.74155091650403
0.736857556471985
0.732164196439939
0.727470836407894
0.722777476375849
0.718084116343804
0.713390756311759
0.708697396279713
0.704004036247668
0.699310676215623
0.694617316183578
0.689923956151533
0.685230596119488
0.680537236087442
0.675843876055398
0.671150516023352
0.666457155991306
0.661763795959262
0.657070435927216
0.652377075895171
0.647683715863126
0.64299035583108
0.638296995799036
0.63360363576699
0.628910275734945
0.6242169157029
0.619523555670854
0.61483019563881
0.610136835606764
0.605443475574719
0.600750115542674
0.596056755510628
0.591363395478584
0.586670035446538
0.581976675414493
0.577283315382448
0.572589955350402
0.567896595318357
0.563203235286312
0.558509875254267
0.553816515222222
0.549123155190176
0.544429795158131
0.539736435126086
0.535043075094041
0.530349715061996
0.52565635502995
0.520962994997905
0.51626963496586
0.511576274933815
0.50688291490177
0.502189554869725
0.497496194837679
0.492802834805634
0.488109474773589
0.483416114741543
0.478722754709499
0.474029394677453
0.469336034645408
0.464642674613363
0.459949314581317
0.455255954549273
0.450562594517227
0.445869234485182
0.441175874453137
0.436482514421091
0.431789154389047
0.427095794357001
0.422402434324956
0.417709074292911
0.413015714260865
0.408322354228821
0.403628994196775
0.398935634164729
0.394242274132685
0.389548914100639
0.384855554068595
0.380162194036549
0.375468834004503
0.370775473972459
0.366082113940413
0.361388753908368
0.356695393876323
0.352002033844277
0.347308673812233
0.342615313780187
0.337921953748142
0.333228593716097
0.328535233684051
0.323841873652007
0.319148513619961
0.314455153587916
0.309761793555871
0.305068433523826
0.30037507349178
0.295681713459735
0.29098835342769
0.286294993395645
0.2816016333636
0.276908273331554
0.272214913299509
0.267521553267464
0.262828193235419
0.258134833203374
0.253441473171328
0.248748113139283
0.244054753107238
0.239361393075193
0.234668033043148
0.229974673011102
0.225281312979057
0.220587952947012
0.215894592914966
0.211201232882922
0.206507872850876
0.201814512818831
0.197121152786786
0.19242779275474
0.187734432722696
0.18304107269065
0.178347712658605
0.17365435262656
0.168960992594514
0.16426763256247
0.159574272530424
0.154880912498379
0.150187552466334
0.145494192434288
0.140800832402244
0.136107472370198
0.131414112338153
0.126720752306108
0.122027392274062
0.117334032242018
0.112640672209972
0.107947312177927
0.103253952145882
0.0985605921138362
0.0938672320817915
0.0891738720497459
0.0844805120177012
0.0797871519856557
0.0750937919536101
0.0704004319215654
0.0657070718895199
0.0610137118574752
0.0563203518254296
0.051626991793384
0.0469336317613394
0.0422402717292938
0.0375469116972491
0.0328535516652035
0.028160191633158
0.0234668316011133
0.0187734715690677
0.014080111537023
0.00938675150497748
0.00469339147293191
3.14408873878119e-08
