43.1419338391046
43.0987487201468
43.0555636011891
43.0123784822314
42.9691933632737
42.9260082443159
42.8828231253582
42.8396380064005
42.7964528874427
42.753267768485
42.7100826495273
42.6668975305695
42.6237124116118
42.5805272926541
42.5373421736963
42.4941570547386
42.4509719357809
42.4077868168231
42.3646016978654
42.3214165789077
42.27823145995
42.2350463409922
42.1918612220345
42.1486761030768
42.105490984119
42.0623058651613
42.0191207462036
41.9759356272458
41.9327505082881
41.8895653893304
41.8463802703726
41.8031951514149
41.7600100324572
41.7168249134995
41.6736397945417
41.630454675584
41.5872695566263
41.5440844376685
41.5008993187108
41.4577141997531
41.4145290807953
41.3713439618376
41.3281588428799
41.2849737239221
41.2417886049644
41.1986034860067
41.155418367049
41.1122332480912
41.0690481291335
41.0258630101758
40.982677891218
40.9394927722603
40.8963076533026
40.8531225343448
40.8099374153871
40.7667522964294
40.7235671774717
40.6803820585139
40.6371969395562
40.5940118205985
40.5508267016407
40.507641582683
40.4644564637253
40.4212713447675
40.3780862258098
40.3349011068521
40.2917159878943
40.2485308689366
40.2053457499789
40.1621606310211
40.1189755120634
40.0757903931057
40.032605274148
39.9894201551902
39.9462350362325
39.9030499172748
39.859864798317
39.8166796793593
39.7734945604016
39.7303094414438
39.6871243224861
39.6439392035284
39.6007540845706
39.5575689656129
39.5143838466552
39.4711987276975
39.4280136087397
39.384828489782
39.3416433708243
39.2984582518665
39.2552731329088
39.2120880139511
39.1689028949933
39.1257177760356
39.0825326570779
39.0393475381201
38.9961624191624
38.9529773002047
38.9097921812469
38.8666070622892
38.8234219433315
38.7802368243738
38.737051705416
38.6938665864583
38.6506814675006
38.6074963485428
38.5643112295851
38.5211261106274
38.4779409916696
38.4347558727119
38.3915707537542
38.3483856347965
38.3052005158387
38.262015396881
38.2188302779233
38.1756451589655
38.1324600400078
38.0892749210501
38.0460898020923
38.0029046831346
37.9597195641769
37.9165344452191
37.8733493262614
37.8301642073037
37.786979088346
37.7437939693882
37.7006088504305
37.6574237314728
37.614238612515
37.5710534935573
37.5278683745996
37.4846832556418
37.4414981366841
37.3983130177264
37.3551278987686
37.3119427798109
37.2687576608532
37.2255725418954
37.1823874229377
37.13920230398
37.0960171850223
37.0528320660645
37.0096469471068
36.9664618281491
36.9232767091913
36.8800915902336
36.8369064712759
36.7937213523181
36.7505362333604
36.7073511144027
36.6641659954449
36.6209808764872
36.5777957575295
36.5346106385718
36.491425519614
36.4482404006563
36.4050552816986
36.3618701627408
36.3186850437831
36.2754999248254
36.2323148058676
36.1891296869099
36.1459445679522
36.1027594489944
36.0595743300367
36.016389211079
35.9732040921213
35.9300189731635
35.8868338542058
35.8436487352481
35.8004636162903
35.7572784973326
35.7140933783749
35.6709082594171
35.6277231404594
35.5845380215017
35.5413529025439
35.4981677835862
35.4549826646285
35.4117975456708
35.368612426713
35.3254273077553
35.2822421887976
35.2390570698398
35.1958719508821
35.1526868319244
35.1095017129666
35.0663165940089
35.0231314750512
34.9799463560934
34.9367612371357
34.893576118178
34.8503909992203
34.8072058802625
34.7640207613048
34.7208356423471
34.6776505233893
34.6344654044316
34.5912802854739
34.5480951665161
34.5049100475584
34.4617249286007
34.4185398096429
34.3753546906852
34.3321695717275
34.2889844527698
34.245799333812
34.2026142148543
34.1594290958966
34.1162439769388
34.0730588579811
34.0298737390234
33.9866886200656
33.9435035011079
33.9003183821502
33.8571332631924
33.8139481442347
33.770763025277
33.7275779063193
33.6843927873615
33.6412076684038
33.5980225494461
33.5548374304883
33.5116523115306
33.4684671925729
33.4252820736151
33.3820969546574
33.3389118356997
33.2957267167419
33.2525415977842
33.2093564788265
33.1661713598687
33.122986240911
33.0798011219533
33.0366160029956
32.9934308840378
32.9502457650801
32.9070606461224
32.8638755271646
32.8206904082069
32.7775052892492
32.7343201702914
32.6911350513337
32.647949932376
32.6047648134182
32.5615796944605
32.5183945755028
32.4752094565451
32.4320243375873
32.3888392186296
32.3456540996719
32.3024689807141
32.2592838617564
32.2160987427987
32.1729136238409
32.1297285048832
32.0865433859255
32.0433582669678
32.00017314801
31.9569880290523
31.9138029100946
31.8706177911368
31.8274326721791
31.7842475532214
31.7410624342636
31.6978773153059
31.6546921963482
31.6115070773904
31.5683219584327
31.525136839475
31.4819517205172
31.4387666015595
31.3955814826018
31.3523963636441
31.3092112446863
31.2660261257286
31.2228410067709
31.1796558878131
31.1364707688554
31.0932856498977
31.0501005309399
31.0069154119822
30.9637302930245
30.9205451740667
30.877360055109
30.8341749361513
30.7909898171936
30.7478046982358
30.7046195792781
30.6614344603204
30.6182493413626
30.5750642224049
30.5318791034472
30.4886939844894
30.4455088655317
30.402323746574
30.3591386276162
30.3159535086585
30.2727683897008
30.2295832707431
30.1863981517853
30.1432130328276
30.1000279138699
30.0568427949121
30.0136576759544
29.9704725569967
29.9272874380389
29.8841023190812
29.8409172001235
29.7977320811657
29.754546962208
29.7113618432503
29.6681767242926
29.6249916053348
29.5818064863771
29.5386213674194
29.4954362484616
29.4522511295039
29.4090660105462
29.3658808915884
29.3226957726307
29.279510653673
29.2363255347152
29.1931404157575
29.1499552967998
29.1067701778421
29.0635850588843
29.0203999399266
28.9772148209689
28.9340297020111
28.8908445830534
28.8476594640957
28.8044743451379
28.7612892261802
28.7181041072225
28.6749189882647
28.631733869307
28.5885487503493
28.5453636313916
28.5021785124338
28.4589933934761
28.4158082745184
28.3726231555606
28.3294380366029
28.2862529176452
28.2430677986874
28.1998826797297
28.156697560772
28.1135124418142
28.0703273228565
28.0271422038988
27.983957084941
27.9407719659833
27.8975868470256
27.8544017280679
27.8112166091101
27.7680314901524
27.7248463711947
27.6816612522369
27.6384761332792
27.5952910143215
27.5521058953637
27.508920776406
27.4657356574483
27.4225505384905
27.3793654195328
27.3361803005751
27.2929951816174
27.2498100626596
27.2066249437019
27.1634398247442
27.1202547057864
27.0770695868287
27.033884467871
26.9906993489132
26.9475142299555
26.9043291109978
26.86114399204
26.8179588730823
26.7747737541246
26.7315886351669
26.6884035162091
26.6452183972514
26.6020332782937
26.5588481593359
26.5156630403782
26.4724779214205
26.4292928024627
26.386107683505
26.3429225645473
26.2997374455895
26.2565523266318
26.2133672076741
26.1701820887164
26.1269969697586
26.0838118508009
26.0406267318432
25.9974416128854
25.9542564939277
25.91107137497
25.8678862560122
25.8247011370545
25.7815160180968
25.738330899139
25.6951457801813
25.6519606612236
25.6087755422659
25.5655904233081
25.5224053043504
25.4792201853927
25.4360350664349
25.3928499474772
25.3496648285195
25.3064797095617
25.263294590604
25.2201094716463
25.1769243526885
25.1337392337308
25.0905541147731
25.0473689958154
25.0041838768576
24.9609987578999
24.9178136389422
24.8746285199844
24.8314434010267
24.788258282069
24.7450731631112
24.7018880441535
24.6587029251958
24.615517806238
24.5723326872803
24.5291475683226
24.4859624493649
24.4427773304071
24.3995922114494
24.3564070924917
24.3132219735339
24.2700368545762
24.2268517356185
24.1836666166607
24.140481497703
24.0972963787453
24.0541112597875
24.0109261408298
23.9677410218721
23.9245559029143
23.8813707839566
23.8381856649989
23.7950005460412
23.7518154270834
23.7086303081257
23.665445189168
23.6222600702102
23.5790749512525
23.5358898322948
23.492704713337
23.4495195943793
23.4063344754216
23.3631493564639
23.3199642375061
23.2767791185484
23.2335939995907
23.1904088806329
23.1472237616752
23.1040386427175
23.0608535237597
23.017668404802
22.9744832858443
22.9312981668865
22.8881130479288
22.8449279289711
22.8017428100133
22.7585576910556
22.7153725720979
22.6721874531402
22.6290023341824
22.5858172152247
22.542632096267
22.4994469773092
22.4562618583515
22.4130767393938
22.369891620436
22.3267065014783
22.2835213825206
22.2403362635628
22.1971511446051
22.1539660256474
22.1107809066897
22.0675957877319
22.0244106687742
21.9812255498165
21.9380404308587
21.894855311901
21.8516701929433
21.8084850739855
21.7652999550278
21.7221148360701
21.6789297171123
21.6357445981546
21.5925594791969
21.5493743602392
21.5061892412814
21.4630041223237
21.419819003366
21.3766338844082
21.3334487654505
21.2902636464928
21.247078527535
21.2038934085773
21.1607082896196
21.1175231706618
21.0743380517041
21.0311529327464
20.9879678137887
20.9447826948309
20.9015975758732
20.8584124569155
20.8152273379577
20.772042219
20.7288571000423
20.6856719810845
20.6424868621268
20.5993017431691
20.5561166242113
20.5129315052536
20.4697463862959
20.4265612673382
20.3833761483804
20.3401910294227
20.297005910465
20.2538207915072
20.2106356725495
20.1674505535918
20.124265434634
20.0810803156763
20.0378951967186
19.9947100777608
19.9515249588031
19.9083398398454
19.8651547208877
19.8219696019299
19.7787844829722
19.7355993640145
19.6924142450567
19.649229126099
19.6060440071413
19.5628588881835
19.5196737692258
19.4764886502681
19.4333035313103
19.3901184123526
19.3469332933949
19.3037481744371
19.2605630554794
19.2173779365217
19.174192817564
19.1310076986062
19.0878225796485
19.0446374606908
19.001452341733
18.9582672227753
18.9150821038176
18.8718969848598
18.8287118659021
18.7855267469444
18.7423416279867
18.6991565090289
18.6559713900712
18.6127862711135
18.5696011521557
18.526416033198
18.4832309142403
18.4400457952825
18.3968606763248
18.3536755573671
18.3104904384093
18.2673053194516
18.2241202004939
18.1809350815361
18.1377499625784
18.0945648436207
18.051379724663
18.0081946057052
17.9650094867475
17.9218243677898
17.878639248832
17.8354541298743
17.7922690109166
17.7490838919588
17.7058987730011
17.6627136540434
17.6195285350856
17.5763434161279
17.5331582971702
17.4899731782125
17.4467880592547
17.403602940297
17.3604178213393
17.3172327023815
17.2740475834238
17.2308624644661
17.1876773455083
17.1444922265506
17.1013071075929
17.0581219886351
17.0149368696774
16.9717517507197
16.928566631762
16.8853815128042
16.8421963938465
16.7990112748888
16.755826155931
16.7126410369733
16.6694559180156
16.6262707990578
16.5830856801001
16.5399005611424
16.4967154421846
16.4535303232269
16.4103452042692
16.3671600853115
16.3239749663537
16.280789847396
16.2376047284383
16.1944196094805
16.1512344905228
16.1080493715651
16.0648642526073
16.0216791336496
15.9784940146919
15.9353088957341
15.8921237767764
15.8489386578187
15.805753538861
15.7625684199032
15.7193833009455
15.6761981819878
15.63301306303
15.5898279440723
15.5466428251146
15.5034577061568
15.4602725871991
15.4170874682414
15.3739023492836
15.3307172303259
15.2875321113682
15.2443469924105
15.2011618734527
15.157976754495
15.1147916355373
15.0716065165795
15.0284213976218
14.9852362786641
14.9420511597063
14.8988660407486
14.8556809217909
14.8124958028331
14.7693106838754
14.7261255649177
14.68294044596
14.6397553270022
14.5965702080445
14.5533850890868
14.510199970129
14.4670148511713
14.4238297322136
14.3806446132558
14.3374594942981
14.2942743753404
14.2510892563826
14.2079041374249
14.1647190184672
14.1215338995094
14.0783487805517
14.035163661594
13.9919785426363
13.9487934236785
13.9056083047208
13.8624231857631
13.8192380668053
13.7760529478476
13.7328678288899
13.6896827099321
13.6464975909744
13.6033124720167
13.5601273530589
13.5169422341012
13.4737571151435
13.4305719961858
13.387386877228
13.3442017582703
13.3010166393126
13.2578315203548
13.2146464013971
13.1714612824394
13.1282761634816
13.0850910445239
13.0419059255662
12.9987208066084
12.9555356876507
12.912350568693
12.8691654497353
12.8259803307775
12.7827952118198
12.7396100928621
12.6964249739043
12.6532398549466
12.6100547359889
12.5668696170311
12.5236844980734
12.4804993791157
12.4373142601579
12.3941291412002
12.3509440222425
12.3077589032848
12.264573784327
12.2213886653693
12.1782035464116
12.1350184274538
12.0918333084961
12.0486481895384
12.0054630705806
11.9622779516229
11.9190928326652
11.8759077137074
11.8327225947497
11.789537475792
11.7463523568343
11.7031672378765
11.6599821189188
11.6167969999611
11.5736118810033
11.5304267620456
11.4872416430879
11.4440565241301
11.4008714051724
11.3576862862147
11.3145011672569
11.2713160482992
11.2281309293415
11.1849458103838
11.141760691426
11.0985755724683
11.0553904535106
11.0122053345528
10.9690202155951
10.9258350966374
10.8826499776796
10.8394648587219
10.7962797397642
10.7530946208064
10.7099095018487
10.666724382891
10.6235392639333
10.5803541449755
10.5371690260178
10.4939839070601
10.4507987881023
10.4076136691446
10.3644285501869
10.3212434312291
10.2780583122714
10.2348731933137
10.1916880743559
10.1485029553982
10.1053178364405
10.0621327174827
10.018947598525
9.97576247956729
9.93257736060956
9.88939224165183
9.8462071226941
9.80302200373637
9.75983688477864
9.71665176582091
9.67346664686318
9.63028152790544
9.58709640894771
9.54391128998998
9.50072617103225
9.45754105207452
9.41435593311679
9.37117081415906
9.32798569520133
9.2848005762436
9.24161545728587
9.19843033832813
9.1552452193704
9.11206010041267
9.06887498145494
9.02568986249721
8.98250474353948
8.93931962458175
8.89613450562402
8.85294938666629
8.80976426770856
8.76657914875082
8.72339402979309
8.68020891083536
8.63702379187763
8.5938386729199
8.55065355396217
8.50746843500444
8.46428331604671
8.42109819708898
8.37791307813125
8.33472795917352
8.29154284021578
8.24835772125805
8.20517260230032
8.16198748334259
8.11880236438486
8.07561724542713
8.0324321264694
7.98924700751167
7.94606188855394
7.90287676959621
7.85969165063847
7.81650653168074
7.77332141272301
7.73013629376528
7.68695117480755
7.64376605584982
7.60058093689209
7.55739581793436
7.51421069897663
7.4710255800189
7.42784046106117
7.38465534210344
7.34147022314571
7.29828510418798
7.25509998523025
7.21191486627252
7.16872974731479
7.12554462835705
7.08235950939932
7.03917439044159
6.99598927148386
6.95280415252613
6.9096190335684
6.86643391461067
6.82324879565294
6.78006367669521
6.73687855773748
6.69369343877975
6.65050831982202
6.60732320086429
6.56413808190655
6.52095296294882
6.47776784399109
6.43458272503336
6.39139760607563
6.3482124871179
6.30502736816017
6.26184224920244
6.21865713024471
6.17547201128698
6.13228689232924
6.08910177337151
6.04591665441378
6.00273153545605
5.95954641649832
5.91636129754059
5.87317617858286
5.82999105962513
5.7868059406674
5.74362082170967
5.70043570275193
5.6572505837942
5.61406546483647
5.57088034587874
5.52769522692101
5.48451010796328
5.44132498900555
5.39813987004782
5.35495475109009
5.31176963213236
5.26858451317462
5.22539939421689
5.18221427525916
5.13902915630143
5.0958440373437
5.05265891838597
5.00947379942824
4.96628868047051
4.92310356151278
4.87991844255505
4.83673332359732
4.79354820463958
4.75036308568185
4.70717796672412
4.66399284776639
4.62080772880866
4.57762260985093
4.5344374908932
4.49125237193547
4.44806725297774
4.40488213402001
4.36169701506228
4.31851189610455
4.27532677714682
4.23214165818909
4.18895653923136
4.14577142027363
4.1025863013159
4.05940118235817
4.01621606340044
3.9730309444427
3.92984582548497
3.88666070652724
3.84347558756951
3.80029046861178
3.75710534965405
3.71392023069632
3.67073511173859
3.62754999278086
3.58436487382313
3.5411797548654
3.49799463590766
3.45480951694993
3.4116243979922
3.36843927903447
3.32525416007674
3.28206904111901
3.23888392216128
3.19569880320355
3.15251368424582
3.10932856528809
3.06614344633035
3.02295832737262
2.97977320841489
2.93658808945716
2.89340297049943
2.8502178515417
2.80703273258397
2.76384761362624
2.72066249466851
2.67747737571078
2.63429225675304
2.59110713779531
2.54792201883758
2.50473689987985
2.46155178092212
2.41836666196439
2.37518154300666
2.33199642404893
2.2888113050912
2.24562618613347
2.20244106717573
2.159255948218
2.11607082926027
2.07288571030254
2.02970059134481
1.98651547238708
1.94333035342935
1.90014523447162
1.85696011551389
1.81377499655616
1.77058987759843
1.7274047586407
1.68421963968296
1.64103452072523
1.5978494017675
1.55466428280977
1.51147916385204
1.46829404489431
1.42510892593658
1.38192380697885
1.33873868802112
1.29555356906339
1.25236845010566
1.20918333114793
1.1659982121902
1.12281309323247
1.07962797427474
1.03644285531701
0.993257736359276
0.950072617401545
0.906887498443815
0.863702379486078
0.820517260528348
0.777332141570618
0.734147022612888
0.690961903655158
0.647776784697427
0.604591665739697
0.561406546781967
0.518221427824237
0.475036308866507
0.43185118990877
0.388666070951039
0.345480951993309
0.302295833035579
0.259110714077849
0.215925595120119
0.172740476162389
0.129555357204659
0.0863702382469285
0.0431851192891983
3.31458685060296e-10
