8.94455007414537
8.85420108358265
8.76385209301992
8.6735031024572
8.58315411189447
8.49280512133175
8.40245613076903
8.3121071402063
8.22175814964358
8.13140915908085
8.04106016851813
7.95071117795541
7.86036218739268
7.77001319682996
7.67966420626723
7.58931521570451
7.49896622514178
7.40861723457906
7.31826824401633
7.22791925345361
7.13757026289089
7.04722127232816
6.95687228176544
6.86652329120271
6.77617430063999
6.68582531007726
6.59547631951454
6.50512732895182
6.41477833838909
6.32442934782637
6.23408035726364
6.14373136670092
6.0533823761382
5.96303338557547
5.87268439501275
5.78233540445002
5.6919864138873
5.60163742332457
5.51128843276185
5.42093944219913
5.3305904516364
5.24024146107368
5.14989247051095
5.05954347994823
4.9691944893855
4.87884549882278
4.78849650826005
4.69814751769733
4.60779852713461
4.51744953657188
4.42710054600916
4.33675155544643
4.24640256488371
4.15605357432098
4.06570458375826
3.97535559319554
3.88500660263281
3.79465761207009
3.70430862150736
3.61395963094464
3.52361064038192
3.43326164981919
3.34291265925647
3.25256366869374
3.16221467813102
3.07186568756829
2.98151669700557
2.89116770644284
2.80081871588012
2.7104697253174
2.62012073475467
2.52977174419195
2.43942275362922
2.3490737630665
2.25872477250377
2.16837578194105
2.07802679137833
1.9876778008156
1.89732881025288
1.80697981969015
1.71663082912743
1.6262818385647
1.53593284800198
1.44558385743926
1.35523486687653
1.26488587631381
1.17453688575108
1.08418789518836
0.993838904625635
0.903489914062911
0.813140923500185
0.722791932937461
0.632442942374738
0.542093951812014
0.45174496124929
0.361395970686564
0.27104698012384
0.180697989561116
0.0903489989983921
8.43566752238041e-09
