1214
640
239
874
866
1206
226
921
174
1345
400
565
849
1004
1317
393
913
1158
766
582
647
1124
653
1225
333
1011
717
400
664
1236
945
1366
1465
918
790
1268
629
1361
1521
656
404
1053
613
1387
1358
1062
128
1030
674
793
355
321
548
1192
1439
1515
338
299
775
894
462
855
1223
423
251
342
489
1437
712
428
291
296
1127
897
1151
173
348
1484
1375
599
1155
1061
1356
1267
938
1322
1094
243
599
507
1153
889
1041
97
270
524
858
55
440
1208
704
639
650
532
49
180
936
669
1278
916
1083
670
1281
796
225
335
711
1355
1441
602
708
230
270
403
421
394
481
1407
231
700
441
1508
1514
75
946
942
212
1078
847
621
1328
944
1267
1373
1153
1227
581
762
63
1253
1293
565
1435
200
1525
659
1406
1111
887
191
126
1329
458
354
841
1480
653
1080
1496
595
472
455
1528
400
843
910
997
1372
1482
1074
490
571
1179
1319
649
811
1391
628
262
1455
750
274
997
1267
1223
1436
816
425
385
1374
53
118
1084
1439
1533
529
995
508
793
1214
1221
985
174
1235
302
818
287
1338
381
1104
646
1089
1342
1079
335
1293
77
358
955
1099
1102
617
193
1232
1527
1176
1533
1319
118
775
1109
600
895
887
347
1487
456
554
104
1381
131
178
1237
144
641
141
951
1380
1125
864
647
425
537
195
231
1199
1536
1410
594
1225
513
399
466
1223
292
360
1194
991
1140
1335
283
399
642
176
849
657
1292
1130
198
877
1530
1381
857
836
811
1067
668
298
992
62
368
105
596
1476
142
1100
140
953
1223
935
1388
983
190
75
1055
1399
705
1321
1202
876
358
604
305
1099
423
558
1149
1114
1251
1126
839
696
617
1496
1261
635
506
800
411
1065
1141
810
1493
1472
366
723
193
777
386
1434
1400
1179
623
981
96
190
975
134
161
1307
1382
1325
1526
1237
1469
79
379
1321
639
220
791
346
1534
643
280
676
988
163
717
1207
1297
1139
340
1236
46
1003
677
251
432
1132
1397
478
1460
106
1281
745
699
742
679
713
1332
358
1266
450
710
977
581
166
307
566
346
643
1220
493
739
1136
1026
1197
673
127
1447
422
1025
203
340
224
52
573
73
977
1482
75
1524
883
1518
295
1059
1166
820
485
2
3
4
5
6
7
8
9
10
11
3
4
5
6
7
8
9
10
11
4
5
6
7
8
9
10
11
5
6
7
8
9
10
11
6
7
8
9
10
11
7
8
9
10
11
8
9
10
11
9
10
11
10
11
11
13
14
15
16
17
18
19
20
21
22
14
15
16
17
18
19
20
21
22
15
16
17
18
19
20
21
22
16
17
18
19
20
21
22
17
18
19
20
21
22
18
19
20
21
22
19
20
21
22
20
21
22
21
22
22
24
25
26
27
28
29
30
31
32
33
25
26
27
28
29
30
31
32
33
26
27
28
29
30
31
32
33
27
28
29
30
31
32
33
28
29
30
31
32
33
29
30
31
32
33
30
31
32
33
31
32
33
32
33
33
35
36
37
38
39
40
41
42
43
44
36
37
38
39
40
41
42
43
44
37
38
39
40
41
42
43
44
38
39
40
41
42
43
44
39
40
41
42
43
44
40
41
42
43
44
41
42
43
44
42
43
44
43
44
44
46
47
48
49
50
51
52
53
54
55
47
48
49
50
51
52
53
54
55
48
49
50
51
52
53
54
55
49
50
51
52
53
54
55
50
51
52
53
54
55
51
52
53
54
55
52
53
54
55
53
54
55
54
55
55
57
58
59
60
61
62
63
64
65
66
58
59
60
61
62
63
64
65
66
59
60
61
62
63
64
65
66
60
61
62
63
64
65
66
61
62
63
64
65
66
62
63
64
65
66
63
64
65
66
64
65
66
65
66
66
68
69
70
71
72
73
74
75
76
77
69
70
71
72
73
74
75
76
77
70
71
72
73
74
75
76
77
71
72
73
74
75
76
77
72
73
74
75
76
77
73
74
75
76
77
74
75
76
77
75
76
77
76
77
77
79
80
81
82
83
84
85
86
87
88
80
81
82
83
84
85
86
87
88
81
82
83
84
85
86
87
88
82
83
84
85
86
87
88
83
84
85
86
87
88
84
85
86
87
88
85
86
87
88
86
87
88
87
88
88
90
91
92
93
94
95
96
97
98
99
91
92
93
94
95
96
97
98
99
92
93
94
95
96
97
98
99
93
94
95
96
97
98
99
94
95
96
97
98
99
95
96
97
98
99
96
97
98
99
97
98
99
98
99
99
101
102
103
104
105
106
107
108
109
110
102
103
104
105
106
107
108
109
110
103
104
105
106
107
108
109
110
104
105
106
107
108
109
110
105
106
107
108
109
110
106
107
108
109
110
107
108
109
110
108
109
110
109
110
110
112
113
114
115
116
117
118
119
120
121
113
114
115
116
117
118
119
120
121
114
115
116
117
118
119
120
121
115
116
117
118
119
120
121
116
117
118
119
120
121
117
118
119
120
121
118
119
120
121
119
120
121
120
121
121
123
124
125
126
127
128
129
130
131
132
124
125
126
127
128
129
130
131
132
125
126
127
128
129
130
131
132
126
127
128
129
130
131
132
127
128
129
130
131
132
128
129
130
131
132
129
130
131
132
130
131
132
131
132
132
134
135
136
137
138
139
140
141
142
143
135
136
137
138
139
140
141
142
143
136
137
138
139
140
141
142
143
137
138
139
140
141
142
143
138
139
140
141
142
143
139
140
141
142
143
140
141
142
143
141
142
143
142
143
143
145
146
147
148
149
150
151
152
153
154
146
147
148
149
150
151
152
153
154
147
148
149
150
151
152
153
154
148
149
150
151
152
153
154
149
150
151
152
153
154
150
151
152
153
154
151
152
153
154
152
153
154
153
154
154
156
157
158
159
160
161
162
163
164
165
157
158
159
160
161
162
163
164
165
158
159
160
161
162
163
164
165
159
160
161
162
163
164
165
160
161
162
163
164
165
161
162
163
164
165
162
163
164
165
163
164
165
164
165
165
167
168
169
170
171
172
173
174
175
176
168
169
170
171
172
173
174
175
176
169
170
171
172
173
174
175
176
170
171
172
173
174
175
176
171
172
173
174
175
176
172
173
174
175
176
173
174
175
176
174
175
176
175
176
176
178
179
180
181
182
183
184
185
186
187
179
180
181
182
183
184
185
186
187
180
181
182
183
184
185
186
187
181
182
183
184
185
186
187
182
183
184
185
186
187
183
184
185
186
187
184
185
186
187
185
186
187
186
187
187
189
190
191
192
193
194
195
196
197
198
190
191
192
193
194
195
196
197
198
191
192
193
194
195
196
197
198
192
193
194
195
196
197
198
193
194
195
196
197
198
194
195
196
197
198
195
196
197
198
196
197
198
197
198
198
200
201
202
203
204
205
206
207
208
209
201
202
203
204
205
206
207
208
209
202
203
204
205
206
207
208
209
203
204
205
206
207
208
209
204
205
206
207
208
209
205
206
207
208
209
206
207
208
209
207
208
209
208
209
209
211
212
213
214
215
216
217
218
219
220
212
213
214
215
216
217
218
219
220
213
214
215
216
217
218
219
220
214
215
216
217
218
219
220
215
216
217
218
219
220
216
217
218
219
220
217
218
219
220
218
219
220
219
220
220
222
223
224
225
226
227
228
229
230
231
223
224
225
226
227
228
229
230
231
224
225
226
227
228
229
230
231
225
226
227
228
229
230
231
226
227
228
229
230
231
227
228
229
230
231
228
229
230
231
229
230
231
230
231
231
233
234
235
236
237
238
239
240
241
242
234
235
236
237
238
239
240
241
242
235
236
237
238
239
240
241
242
236
237
238
239
240
241
242
237
238
239
240
241
242
238
239
240
241
242
239
240
241
242
240
241
242
241
242
242
244
245
246
247
248
249
250
251
252
253
245
246
247
248
249
250
251
252
253
246
247
248
249
250
251
252
253
247
248
249
250
251
252
253
248
249
250
251
252
253
249
250
251
252
253
250
251
252
253
251
252
253
252
253
253
255
256
257
258
259
260
261
262
263
264
256
257
258
259
260
261
262
263
264
257
258
259
260
261
262
263
264
258
259
260
261
262
263
264
259
260
261
262
263
264
260
261
262
263
264
261
262
263
264
262
263
264
263
264
264
266
267
268
269
270
271
272
273
274
275
267
268
269
270
271
272
273
274
275
268
269
270
271
272
273
274
275
269
270
271
272
273
274
275
270
271
272
273
274
275
271
272
273
274
275
272
273
274
275
273
274
275
274
275
275
277
278
279
280
281
282
283
284
285
286
278
279
280
281
282
283
284
285
286
279
280
281
282
283
284
285
286
280
281
282
283
284
285
286
281
282
283
284
285
286
282
283
284
285
286
283
284
285
286
284
285
286
285
286
286
288
289
290
291
292
293
294
295
296
297
289
290
291
292
293
294
295
296
297
290
291
292
293
294
295
296
297
291
292
293
294
295
296
297
292
293
294
295
296
297
293
294
295
296
297
294
295
296
297
295
296
297
296
297
297
299
300
301
302
303
304
305
306
307
308
300
301
302
303
304
305
306
307
308
301
302
303
304
305
306
307
308
302
303
304
305
306
307
308
303
304
305
306
307
308
304
305
306
307
308
305
306
307
308
306
307
308
307
308
308
310
311
312
313
314
315
316
317
318
319
311
312
313
314
315
316
317
318
319
312
313
314
315
316
317
318
319
313
314
315
316
317
318
319
314
315
316
317
318
319
315
316
317
318
319
316
317
318
319
317
318
319
318
319
319
321
322
323
324
325
326
327
328
329
330
322
323
324
325
326
327
328
329
330
323
324
325
326
327
328
329
330
324
325
326
327
328
329
330
325
326
327
328
329
330
326
327
328
329
330
327
328
329
330
328
329
330
329
330
330
332
333
334
335
336
337
338
339
340
341
333
334
335
336
337
338
339
340
341
334
335
336
337
338
339
340
341
335
336
337
338
339
340
341
336
337
338
339
340
341
337
338
339
340
341
338
339
340
341
339
340
341
340
341
341
343
344
345
346
347
348
349
350
351
352
344
345
346
347
348
349
350
351
352
345
346
347
348
349
350
351
352
346
347
348
349
350
351
352
347
348
349
350
351
352
348
349
350
351
352
349
350
351
352
350
351
352
351
352
352
354
355
356
357
358
359
360
361
362
363
355
356
357
358
359
360
361
362
363
356
357
358
359
360
361
362
363
357
358
359
360
361
362
363
358
359
360
361
362
363
359
360
361
362
363
360
361
362
363
361
362
363
362
363
363
365
366
367
368
369
370
371
372
373
374
366
367
368
369
370
371
372
373
374
367
368
369
370
371
372
373
374
368
369
370
371
372
373
374
369
370
371
372
373
374
370
371
372
373
374
371
372
373
374
372
373
374
373
374
374
376
377
378
379
380
381
382
383
384
385
377
378
379
380
381
382
383
384
385
378
379
380
381
382
383
384
385
379
380
381
382
383
384
385
380
381
382
383
384
385
381
382
383
384
385
382
383
384
385
383
384
385
384
385
385
387
388
389
390
391
392
393
394
395
396
388
389
390
391
392
393
394
395
396
389
390
391
392
393
394
395
396
390
391
392
393
394
395
396
391
392
393
394
395
396
392
393
394
395
396
393
394
395
396
394
395
396
395
396
396
398
399
400
401
402
403
404
405
406
407
399
400
401
402
403
404
405
406
407
400
401
402
403
404
405
406
407
401
402
403
404
405
406
407
402
403
404
405
406
407
403
404
405
406
407
404
405
406
407
405
406
407
406
407
407
409
410
411
412
413
414
415
416
417
418
410
411
412
413
414
415
416
417
418
411
412
413
414
415
416
417
418
412
413
414
415
416
417
418
413
414
415
416
417
418
414
415
416
417
418
415
416
417
418
416
417
418
417
418
418
420
421
422
423
424
425
426
427
428
429
421
422
423
424
425
426
427
428
429
422
423
424
425
426
427
428
429
423
424
425
426
427
428
429
424
425
426
427
428
429
425
426
427
428
429
426
427
428
429
427
428
429
428
429
429
431
432
433
434
435
436
437
438
439
440
432
433
434
435
436
437
438
439
440
433
434
435
436
437
438
439
440
434
435
436
437
438
439
440
435
436
437
438
439
440
436
437
438
439
440
437
438
439
440
438
439
440
439
440
440
442
443
444
445
446
447
448
449
450
451
443
444
445
446
447
448
449
450
451
444
445
446
447
448
449
450
451
445
446
447
448
449
450
451
446
447
448
449
450
451
447
448
449
450
451
448
449
450
451
449
450
451
450
451
451
453
454
455
456
457
458
459
460
461
462
454
455
456
457
458
459
460
461
462
455
456
457
458
459
460
461
462
456
457
458
459
460
461
462
457
458
459
460
461
462
458
459
460
461
462
459
460
461
462
460
461
462
461
462
462
464
465
466
467
468
469
470
471
472
473
465
466
467
468
469
470
471
472
473
466
467
468
469
470
471
472
473
467
468
469
470
471
472
473
468
469
470
471
472
473
469
470
471
472
473
470
471
472
473
471
472
473
472
473
473
475
476
477
478
479
480
481
482
483
484
476
477
478
479
480
481
482
483
484
477
478
479
480
481
482
483
484
478
479
480
481
482
483
484
479
480
481
482
483
484
480
481
482
483
484
481
482
483
484
482
483
484
483
484
484
486
487
488
489
490
491
492
493
494
495
487
488
489
490
491
492
493
494
495
488
489
490
491
492
493
494
495
489
490
491
492
493
494
495
490
491
492
493
494
495
491
492
493
494
495
492
493
494
495
493
494
495
494
495
495
497
498
499
500
501
502
503
504
505
506
498
499
500
501
502
503
504
505
506
499
500
501
502
503
504
505
506
500
501
502
503
504
505
506
501
502
503
504
505
506
502
503
504
505
506
503
504
505
506
504
505
506
505
506
506
508
509
510
511
512
513
514
515
516
517
509
510
511
512
513
514
515
516
517
510
511
512
513
514
515
516
517
511
512
513
514
515
516
517
512
513
514
515
516
517
513
514
515
516
517
514
515
516
517
515
516
517
516
517
517
519
520
521
522
523
524
525
526
527
528
520
521
522
523
524
525
526
527
528
521
522
523
524
525
526
527
528
522
523
524
525
526
527
528
523
524
525
526
527
528
524
525
526
527
528
525
526
527
528
526
527
528
527
528
528
530
531
532
533
534
535
536
537
538
539
531
532
533
534
535
536
537
538
539
532
533
534
535
536
537
538
539
533
534
535
536
537
538
539
534
535
536
537
538
539
535
536
537
538
539
536
537
538
539
537
538
539
538
539
539
541
542
543
544
545
546
547
548
549
550
542
543
544
545
546
547
548
549
550
543
544
545
546
547
548
549
550
544
545
546
547
548
549
550
545
546
547
548
549
550
546
547
548
549
550
547
548
549
550
548
549
550
549
550
550
552
553
554
555
556
557
558
559
560
561
553
554
555
556
557
558
559
560
561
554
555
556
557
558
559
560
561
555
556
557
558
559
560
561
556
557
558
559
560
561
557
558
559
560
561
558
559
560
561
559
560
561
560
561
561
563
564
565
566
567
568
569
570
571
572
564
565
566
567
568
569
570
571
572
565
566
567
568
569
570
571
572
566
567
568
569
570
571
572
567
568
569
570
571
572
568
569
570
571
572
569
570
571
572
570
571
572
571
572
572
574
575
576
577
578
579
580
581
582
583
575
576
577
578
579
580
581
582
583
576
577
578
579
580
581
582
583
577
578
579
580
581
582
583
578
579
580
581
582
583
579
580
581
582
583
580
581
582
583
581
582
583
582
583
583
585
586
587
588
589
590
591
592
593
594
586
587
588
589
590
591
592
593
594
587
588
589
590
591
592
593
594
588
589
590
591
592
593
594
589
590
591
592
593
594
590
591
592
593
594
591
592
593
594
592
593
594
593
594
594
596
597
598
599
600
601
602
603
604
605
597
598
599
600
601
602
603
604
605
598
599
600
601
602
603
604
605
599
600
601
602
603
604
605
600
601
602
603
604
605
601
602
603
604
605
602
603
604
605
603
604
605
604
605
605
607
608
609
610
611
612
613
614
615
616
608
609
610
611
612
613
614
615
616
609
610
611
612
613
614
615
616
610
611
612
613
614
615
616
611
612
613
614
615
616
612
613
614
615
616
613
614
615
616
614
615
616
615
616
616
618
619
620
621
622
623
624
625
626
627
619
620
621
622
623
624
625
626
627
620
621
622
623
624
625
626
627
621
622
623
624
625
626
627
622
623
624
625
626
627
623
624
625
626
627
624
625
626
627
625
626
627
626
627
627
629
630
631
632
633
634
635
636
637
638
630
631
632
633
634
635
636
637
638
631
632
633
634
635
636
637
638
632
633
634
635
636
637
638
633
634
635
636
637
638
634
635
636
637
638
635
636
637
638
636
637
638
637
638
638
640
641
642
643
644
645
646
647
648
649
641
642
643
644
645
646
647
648
649
642
643
644
645
646
647
648
649
643
644
645
646
647
648
649
644
645
646
647
648
649
645
646
647
648
649
646
647
648
649
647
648
649
648
649
649
651
652
653
654
655
656
657
658
659
660
652
653
654
655
656
657
658
659
660
653
654
655
656
657
658
659
660
654
655
656
657
658
659
660
655
656
657
658
659
660
656
657
658
659
660
657
658
659
660
658
659
660
659
660
660
662
663
664
665
666
667
668
669
670
671
663
664
665
666
667
668
669
670
671
664
665
666
667
668
669
670
671
665
666
667
668
669
670
671
666
667
668
669
670
671
667
668
669
670
671
668
669
670
671
669
670
671
670
671
671
673
674
675
676
677
678
679
680
681
682
674
675
676
677
678
679
680
681
682
675
676
677
678
679
680
681
682
676
677
678
679
680
681
682
677
678
679
680
681
682
678
679
680
681
682
679
680
681
682
680
681
682
681
682
682
684
685
686
687
688
689
690
691
692
693
685
686
687
688
689
690
691
692
693
686
687
688
689
690
691
692
693
687
688
689
690
691
692
693
688
689
690
691
692
693
689
690
691
692
693
690
691
692
693
691
692
693
692
693
693
695
696
697
698
699
700
701
702
703
704
696
697
698
699
700
701
702
703
704
697
698
699
700
701
702
703
704
698
699
700
701
702
703
704
699
700
701
702
703
704
700
701
702
703
704
701
702
703
704
702
703
704
703
704
704
706
707
708
709
710
711
712
713
714
715
707
708
709
710
711
712
713
714
715
708
709
710
711
712
713
714
715
709
710
711
712
713
714
715
710
711
712
713
714
715
711
712
713
714
715
712
713
714
715
713
714
715
714
715
715
717
718
719
720
721
722
723
724
725
726
718
719
720
721
722
723
724
725
726
719
720
721
722
723
724
725
726
720
721
722
723
724
725
726
721
722
723
724
725
726
722
723
724
725
726
723
724
725
726
724
725
726
725
726
726
728
729
730
731
732
733
734
735
736
737
729
730
731
732
733
734
735
736
737
730
731
732
733
734
735
736
737
731
732
733
734
735
736
737
732
733
734
735
736
737
733
734
735
736
737
734
735
736
737
735
736
737
736
737
737
739
740
741
742
743
744
745
746
747
748
740
741
742
743
744
745
746
747
748
741
742
743
744
745
746
747
748
742
743
744
745
746
747
748
743
744
745
746
747
748
744
745
746
747
748
745
746
747
748
746
747
748
747
748
748
750
751
752
753
754
755
756
757
758
759
751
752
753
754
755
756
757
758
759
752
753
754
755
756
757
758
759
753
754
755
756
757
758
759
754
755
756
757
758
759
755
756
757
758
759
756
757
758
759
757
758
759
758
759
759
761
762
763
764
765
766
767
768
769
770
762
763
764
765
766
767
768
769
770
763
764
765
766
767
768
769
770
764
765
766
767
768
769
770
765
766
767
768
769
770
766
767
768
769
770
767
768
769
770
768
769
770
769
770
770
772
773
774
775
776
777
778
779
780
781
773
774
775
776
777
778
779
780
781
774
775
776
777
778
779
780
781
775
776
777
778
779
780
781
776
777
778
779
780
781
777
778
779
780
781
778
779
780
781
779
780
781
780
781
781
783
784
785
786
787
788
789
790
791
792
784
785
786
787
788
789
790
791
792
785
786
787
788
789
790
791
792
786
787
788
789
790
791
792
787
788
789
790
791
792
788
789
790
791
792
789
790
791
792
790
791
792
791
792
792
794
795
796
797
798
799
800
801
802
803
795
796
797
798
799
800
801
802
803
796
797
798
799
800
801
802
803
797
798
799
800
801
802
803
798
799
800
801
802
803
799
800
801
802
803
800
801
802
803
801
802
803
802
803
803
805
806
807
808
809
810
811
812
813
814
806
807
808
809
810
811
812
813
814
807
808
809
810
811
812
813
814
808
809
810
811
812
813
814
809
810
811
812
813
814
810
811
812
813
814
811
812
813
814
812
813
814
813
814
814
816
817
818
819
820
821
822
823
824
825
817
818
819
820
821
822
823
824
825
818
819
820
821
822
823
824
825
819
820
821
822
823
824
825
820
821
822
823
824
825
821
822
823
824
825
822
823
824
825
823
824
825
824
825
825
827
828
829
830
831
832
833
834
835
836
828
829
830
831
832
833
834
835
836
829
830
831
832
833
834
835
836
830
831
832
833
834
835
836
831
832
833
834
835
836
832
833
834
835
836
833
834
835
836
834
835
836
835
836
836
838
839
840
841
842
843
844
845
846
847
839
840
841
842
843
844
845
846
847
840
841
842
843
844
845
846
847
841
842
843
844
845
846
847
842
843
844
845
846
847
843
844
845
846
847
844
845
846
847
845
846
847
846
847
847
849
850
851
852
853
854
855
856
857
858
850
851
852
853
854
855
856
857
858
851
852
853
854
855
856
857
858
852
853
854
855
856
857
858
853
854
855
856
857
858
854
855
856
857
858
855
856
857
858
856
857
858
857
858
858
860
861
862
863
864
865
866
867
868
869
861
862
863
864
865
866
867
868
869
862
863
864
865
866
867
868
869
863
864
865
866
867
868
869
864
865
866
867
868
869
865
866
867
868
869
866
867
868
869
867
868
869
868
869
869
871
872
873
874
875
876
877
878
879
880
872
873
874
875
876
877
878
879
880
873
874
875
876
877
878
879
880
874
875
876
877
878
879
880
875
876
877
878
879
880
876
877
878
879
880
877
878
879
880
878
879
880
879
880
880
882
883
884
885
886
887
888
889
890
891
883
884
885
886
887
888
889
890
891
884
885
886
887
888
889
890
891
885
886
887
888
889
890
891
886
887
888
889
890
891
887
888
889
890
891
888
889
890
891
889
890
891
890
891
891
893
894
895
896
897
898
899
900
901
902
894
895
896
897
898
899
900
901
902
895
896
897
898
899
900
901
902
896
897
898
899
900
901
902
897
898
899
900
901
902
898
899
900
901
902
899
900
901
902
900
901
902
901
902
902
904
905
906
907
908
909
910
911
912
913
905
906
907
908
909
910
911
912
913
906
907
908
909
910
911
912
913
907
908
909
910
911
912
913
908
909
910
911
912
913
909
910
911
912
913
910
911
912
913
911
912
913
912
913
913
915
916
917
918
919
920
921
922
923
924
916
917
918
919
920
921
922
923
924
917
918
919
920
921
922
923
924
918
919
920
921
922
923
924
919
920
921
922
923
924
920
921
922
923
924
921
922
923
924
922
923
924
923
924
924
926
927
928
929
930
931
932
933
934
935
927
928
929
930
931
932
933
934
935
928
929
930
931
932
933
934
935
929
930
931
932
933
934
935
930
931
932
933
934
935
931
932
933
934
935
932
933
934
935
933
934
935
934
935
935
937
938
939
940
941
942
943
944
945
946
938
939
940
941
942
943
944
945
946
939
940
941
942
943
944
945
946
940
941
942
943
944
945
946
941
942
943
944
945
946
942
943
944
945
946
943
944
945
946
944
945
946
945
946
946
948
949
950
951
952
953
954
955
956
957
949
950
951
952
953
954
955
956
957
950
951
952
953
954
955
956
957
951
952
953
954
955
956
957
952
953
954
955
956
957
953
954
955
956
957
954
955
956
957
955
956
957
956
957
957
959
960
961
962
963
964
965
966
967
968
960
961
962
963
964
965
966
967
968
961
962
963
964
965
966
967
968
962
963
964
965
966
967
968
963
964
965
966
967
968
964
965
966
967
968
965
966
967
968
966
967
968
967
968
968
970
971
972
973
974
975
976
977
978
979
971
972
973
974
975
976
977
978
979
972
973
974
975
976
977
978
979
973
974
975
976
977
978
979
974
975
976
977
978
979
975
976
977
978
979
976
977
978
979
977
978
979
978
979
979
981
982
983
984
985
986
987
988
989
990
982
983
984
985
986
987
988
989
990
983
984
985
986
987
988
989
990
984
985
986
987
988
989
990
985
986
987
988
989
990
986
987
988
989
990
987
988
989
990
988
989
990
989
990
990
992
993
994
995
996
997
998
999
1000
1001
993
994
995
996
997
998
999
1000
1001
994
995
996
997
998
999
1000
1001
995
996
997
998
999
1000
1001
996
997
998
999
1000
1001
997
998
999
1000
1001
998
999
1000
1001
999
1000
1001
1000
1001
1001
1003
1004
1005
1006
1007
1008
1009
1010
1011
1012
1004
1005
1006
1007
1008
1009
1010
1011
1012
1005
1006
1007
1008
1009
1010
1011
1012
1006
1007
1008
1009
1010
1011
1012
1007
1008
1009
1010
1011
1012
1008
1009
1010
1011
1012
1009
1010
1011
1012
1010
1011
1012
1011
1012
1012
1014
1015
1016
1017
1018
1019
1020
1021
1022
1023
1015
1016
1017
1018
1019
1020
1021
1022
1023
1016
1017
1018
1019
1020
1021
1022
1023
1017
1018
1019
1020
1021
1022
1023
1018
1019
1020
1021
1022
1023
1019
1020
1021
1022
1023
1020
1021
1022
1023
1021
1022
1023
1022
1023
1023
1025
1026
1027
1028
1029
1030
1031
1032
1033
1034
1026
1027
1028
1029
1030
1031
1032
1033
1034
1027
1028
1029
1030
1031
1032
1033
1034
1028
1029
1030
1031
1032
1033
1034
1029
1030
1031
1032
1033
1034
1030
1031
1032
1033
1034
1031
1032
1033
1034
1032
1033
1034
1033
1034
1034
1036
1037
1038
1039
1040
1041
1042
1043
1044
1045
1037
1038
1039
1040
1041
1042
1043
1044
1045
1038
1039
1040
1041
1042
1043
1044
1045
1039
1040
1041
1042
1043
1044
1045
1040
1041
1042
1043
1044
1045
1041
1042
1043
1044
1045
1042
1043
1044
1045
1043
1044
1045
1044
1045
1045
1047
1048
1049
1050
1051
1052
1053
1054
1055
1056
1048
1049
1050
1051
1052
1053
1054
1055
1056
1049
1050
1051
1052
1053
1054
1055
1056
1050
1051
1052
1053
1054
1055
1056
1051
1052
1053
1054
1055
1056
1052
1053
1054
1055
1056
1053
1054
1055
1056
1054
1055
1056
1055
1056
1056
1058
1059
1060
1061
1062
1063
1064
1065
1066
1067
1059
1060
1061
1062
1063
1064
1065
1066
1067
1060
1061
1062
1063
1064
1065
1066
1067
1061
1062
1063
1064
1065
1066
1067
1062
1063
1064
1065
1066
1067
1063
1064
1065
1066
1067
1064
1065
1066
1067
1065
1066
1067
1066
1067
1067
1069
1070
1071
1072
1073
1074
1075
1076
1077
1078
1070
1071
1072
1073
1074
1075
1076
1077
1078
1071
1072
1073
1074
1075
1076
1077
1078
1072
1073
1074
1075
1076
1077
1078
1073
1074
1075
1076
1077
1078
1074
1075
1076
1077
1078
1075
1076
1077
1078
1076
1077
1078
1077
1078
1078
1080
1081
1082
1083
1084
1085
1086
1087
1088
1089
1081
1082
1083
1084
1085
1086
1087
1088
1089
1082
1083
1084
1085
1086
1087
1088
1089
1083
1084
1085
1086
1087
1088
1089
1084
1085
1086
1087
1088
1089
1085
1086
1087
1088
1089
1086
1087
1088
1089
1087
1088
1089
1088
1089
1089
1091
1092
1093
1094
1095
1096
1097
1098
1099
1100
1092
1093
1094
1095
1096
1097
1098
1099
1100
1093
1094
1095
1096
1097
1098
1099
1100
1094
1095
1096
1097
1098
1099
1100
1095
1096
1097
1098
1099
1100
1096
1097
1098
1099
1100
1097
1098
1099
1100
1098
1099
1100
1099
1100
1100
1102
1103
1104
1105
1106
1107
1108
1109
1110
1111
1103
1104
1105
1106
1107
1108
1109
1110
1111
1104
1105
1106
1107
1108
1109
1110
1111
1105
1106
1107
1108
1109
1110
1111
1106
1107
1108
1109
1110
1111
1107
1108
1109
1110
1111
1108
1109
1110
1111
1109
1110
1111
1110
1111
1111
1113
1114
1115
1116
1117
1118
1119
1120
1121
1122
1114
1115
1116
1117
1118
1119
1120
1121
1122
1115
1116
1117
1118
1119
1120
1121
1122
1116
1117
1118
1119
1120
1121
1122
1117
1118
1119
1120
1121
1122
1118
1119
1120
1121
1122
1119
1120
1121
1122
1120
1121
1122
1121
1122
1122
1124
1125
1126
1127
1128
1129
1130
1131
1132
1133
1125
1126
1127
1128
1129
1130
1131
1132
1133
1126
1127
1128
1129
1130
1131
1132
1133
1127
1128
1129
1130
1131
1132
1133
1128
1129
1130
1131
1132
1133
1129
1130
1131
1132
1133
1130
1131
1132
1133
1131
1132
1133
1132
1133
1133
1135
1136
1137
1138
1139
1140
1141
1142
1143
1144
1136
1137
1138
1139
1140
1141
1142
1143
1144
1137
1138
1139
1140
1141
1142
1143
1144
1138
1139
1140
1141
1142
1143
1144
1139
1140
1141
1142
1143
1144
1140
1141
1142
1143
1144
1141
1142
1143
1144
1142
1143
1144
1143
1144
1144
1146
1147
1148
1149
1150
1151
1152
1153
1154
1155
1147
1148
1149
1150
1151
1152
1153
1154
1155
1148
1149
1150
1151
1152
1153
1154
1155
1149
1150
1151
1152
1153
1154
1155
1150
1151
1152
1153
1154
1155
1151
1152
1153
1154
1155
1152
1153
1154
1155
1153
1154
1155
1154
1155
1155
1157
1158
1159
1160
1161
1162
1163
1164
1165
1166
1158
1159
1160
1161
1162
1163
1164
1165
1166
1159
1160
1161
1162
1163
1164
1165
1166
1160
1161
1162
1163
1164
1165
1166
1161
1162
1163
1164
1165
1166
1162
1163
1164
1165
1166
1163
1164
1165
1166
1164
1165
1166
1165
1166
1166
1168
1169
1170
1171
1172
1173
1174
1175
1176
1177
1169
1170
1171
1172
1173
1174
1175
1176
1177
1170
1171
1172
1173
1174
1175
1176
1177
1171
1172
1173
1174
1175
1176
1177
1172
1173
1174
1175
1176
1177
1173
1174
1175
1176
1177
1174
1175
1176
1177
1175
1176
1177
1176
1177
1177
1179
1180
1181
1182
1183
1184
1185
1186
1187
1188
1180
1181
1182
1183
1184
1185
1186
1187
1188
1181
1182
1183
1184
1185
1186
1187
1188
1182
1183
1184
1185
1186
1187
1188
1183
1184
1185
1186
1187
1188
1184
1185
1186
1187
1188
1185
1186
1187
1188
1186
1187
1188
1187
1188
1188
1190
1191
1192
1193
1194
1195
1196
1197
1198
1199
1191
1192
1193
1194
1195
1196
1197
1198
1199
1192
1193
1194
1195
1196
1197
1198
1199
1193
1194
1195
1196
1197
1198
1199
1194
1195
1196
1197
1198
1199
1195
1196
1197
1198
1199
1196
1197
1198
1199
1197
1198
1199
1198
1199
1199
1201
1202
1203
1204
1205
1206
1207
1208
1209
1210
1202
1203
1204
1205
1206
1207
1208
1209
1210
1203
1204
1205
1206
1207
1208
1209
1210
1204
1205
1206
1207
1208
1209
1210
1205
1206
1207
1208
1209
1210
1206
1207
1208
1209
1210
1207
1208
1209
1210
1208
1209
1210
1209
1210
1210
1212
1213
1214
1215
1216
1217
1218
1219
1220
1221
1213
1214
1215
1216
1217
1218
1219
1220
1221
1214
1215
1216
1217
1218
1219
1220
1221
1215
1216
1217
1218
1219
1220
1221
1216
1217
1218
1219
1220
1221
1217
1218
1219
1220
1221
1218
1219
1220
1221
1219
1220
1221
1220
1221
1221
1223
1224
1225
1226
1227
1228
1229
1230
1231
1232
1224
1225
1226
1227
1228
1229
1230
1231
1232
1225
1226
1227
1228
1229
1230
1231
1232
1226
1227
1228
1229
1230
1231
1232
1227
1228
1229
1230
1231
1232
1228
1229
1230
1231
1232
1229
1230
1231
1232
1230
1231
1232
1231
1232
1232
1234
1235
1236
1237
1238
1239
1240
1241
1242
1243
1235
1236
1237
1238
1239
1240
1241
1242
1243
1236
1237
1238
1239
1240
1241
1242
1243
1237
1238
1239
1240
1241
1242
1243
1238
1239
1240
1241
1242
1243
1239
1240
1241
1242
1243
1240
1241
1242
1243
1241
1242
1243
1242
1243
1243
1245
1246
1247
1248
1249
1250
1251
1252
1253
1254
1246
1247
1248
1249
1250
1251
1252
1253
1254
1247
1248
1249
1250
1251
1252
1253
1254
1248
1249
1250
1251
1252
1253
1254
1249
1250
1251
1252
1253
1254
1250
1251
1252
1253
1254
1251
1252
1253
1254
1252
1253
1254
1253
1254
1254
1256
1257
1258
1259
1260
1261
1262
1263
1264
1265
1257
1258
1259
1260
1261
1262
1263
1264
1265
1258
1259
1260
1261
1262
1263
1264
1265
1259
1260
1261
1262
1263
1264
1265
1260
1261
1262
1263
1264
1265
1261
1262
1263
1264
1265
1262
1263
1264
1265
1263
1264
1265
1264
1265
1265
1267
1268
1269
1270
1271
1272
1273
1274
1275
1276
1268
1269
1270
1271
1272
1273
1274
1275
1276
1269
1270
1271
1272
1273
1274
1275
1276
1270
1271
1272
1273
1274
1275
1276
1271
1272
1273
1274
1275
1276
1272
1273
1274
1275
1276
1273
1274
1275
1276
1274
1275
1276
1275
1276
1276
1278
1279
1280
1281
1282
1283
1284
1285
1286
1287
1279
1280
1281
1282
1283
1284
1285
1286
1287
1280
1281
1282
1283
1284
1285
1286
1287
1281
1282
1283
1284
1285
1286
1287
1282
1283
1284
1285
1286
1287
1283
1284
1285
1286
1287
1284
1285
1286
1287
1285
1286
1287
1286
1287
1287
1289
1290
1291
1292
1293
1294
1295
1296
1297
1298
1290
1291
1292
1293
1294
1295
1296
1297
1298
1291
1292
1293
1294
1295
1296
1297
1298
1292
1293
1294
1295
1296
1297
1298
1293
1294
1295
1296
1297
1298
1294
1295
1296
1297
1298
1295
1296
1297
1298
1296
1297
1298
1297
1298
1298
1300
1301
1302
1303
1304
1305
1306
1307
1308
1309
1301
1302
1303
1304
1305
1306
1307
1308
1309
1302
1303
1304
1305
1306
1307
1308
1309
1303
1304
1305
1306
1307
1308
1309
1304
1305
1306
1307
1308
1309
1305
1306
1307
1308
1309
1306
1307
1308
1309
1307
1308
1309
1308
1309
1309
1311
1312
1313
1314
1315
1316
1317
1318
1319
1320
1312
1313
1314
1315
1316
1317
1318
1319
1320
1313
1314
1315
1316
1317
1318
1319
1320
1314
1315
1316
1317
1318
1319
1320
1315
1316
1317
1318
1319
1320
1316
1317
1318
1319
1320
1317
1318
1319
1320
1318
1319
1320
1319
1320
1320
1322
1323
1324
1325
1326
1327
1328
1329
1330
1331
1323
1324
1325
1326
1327
1328
1329
1330
1331
1324
1325
1326
1327
1328
1329
1330
1331
1325
1326
1327
1328
1329
1330
1331
1326
1327
1328
1329
1330
1331
1327
1328
1329
1330
1331
1328
1329
1330
1331
1329
1330
1331
1330
1331
1331
1333
1334
1335
1336
1337
1338
1339
1340
1341
1342
1334
1335
1336
1337
1338
1339
1340
1341
1342
1335
1336
1337
1338
1339
1340
1341
1342
1336
1337
1338
1339
1340
1341
1342
1337
1338
1339
1340
1341
1342
1338
1339
1340
1341
1342
1339
1340
1341
1342
1340
1341
1342
1341
1342
1342
1344
1345
1346
1347
1348
1349
1350
1351
1352
1353
1345
1346
1347
1348
1349
1350
1351
1352
1353
1346
1347
1348
1349
1350
1351
1352
1353
1347
1348
1349
1350
1351
1352
1353
1348
1349
1350
1351
1352
1353
1349
1350
1351
1352
1353
1350
1351
1352
1353
1351
1352
1353
1352
1353
1353
1355
1356
1357
1358
1359
1360
1361
1362
1363
1364
1356
1357
1358
1359
1360
1361
1362
1363
1364
1357
1358
1359
1360
1361
1362
1363
1364
1358
1359
1360
1361
1362
1363
1364
1359
1360
1361
1362
1363
1364
1360
1361
1362
1363
1364
1361
1362
1363
1364
1362
1363
1364
1363
1364
1364
1366
1367
1368
1369
1370
1371
1372
1373
1374
1375
1367
1368
1369
1370
1371
1372
1373
1374
1375
1368
1369
1370
1371
1372
1373
1374
1375
1369
1370
1371
1372
1373
1374
1375
1370
1371
1372
1373
1374
1375
1371
1372
1373
1374
1375
1372
1373
1374
1375
1373
1374
1375
1374
1375
1375
1377
1378
1379
1380
1381
1382
1383
1384
1385
1386
1378
1379
1380
1381
1382
1383
1384
1385
1386
1379
1380
1381
1382
1383
1384
1385
1386
1380
1381
1382
1383
1384
1385
1386
1381
1382
1383
1384
1385
1386
1382
1383
1384
1385
1386
1383
1384
1385
1386
1384
1385
1386
1385
1386
1386
1388
1389
1390
1391
1392
1393
1394
1395
1396
1397
1389
1390
1391
1392
1393
1394
1395
1396
1397
1390
1391
1392
1393
1394
1395
1396
1397
1391
1392
1393
1394
1395
1396
1397
1392
1393
1394
1395
1396
1397
1393
1394
1395
1396
1397
1394
1395
1396
1397
1395
1396
1397
1396
1397
1397
1399
1400
1401
1402
1403
1404
1405
1406
1407
1408
1400
1401
1402
1403
1404
1405
1406
1407
1408
1401
1402
1403
1404
1405
1406
1407
1408
1402
1403
1404
1405
1406
1407
1408
1403
1404
1405
1406
1407
1408
1404
1405
1406
1407
1408
1405
1406
1407
1408
1406
1407
1408
1407
1408
1408
1410
1411
1412
1413
1414
1415
1416
1417
1418
1419
1411
1412
1413
1414
1415
1416
1417
1418
1419
1412
1413
1414
1415
1416
1417
1418
1419
1413
1414
1415
1416
1417
1418
1419
1414
1415
1416
1417
1418
1419
1415
1416
1417
1418
1419
1416
1417
1418
1419
1417
1418
1419
1418
1419
1419
1421
1422
1423
1424
1425
1426
1427
1428
1429
1430
1422
1423
1424
1425
1426
1427
1428
1429
1430
1423
1424
1425
1426
1427
1428
1429
1430
1424
1425
1426
1427
1428
1429
1430
1425
1426
1427
1428
1429
1430
1426
1427
1428
1429
1430
1427
1428
1429
1430
1428
1429
1430
1429
1430
1430
1432
1433
1434
1435
1436
1437
1438
1439
1440
1441
1433
1434
1435
1436
1437
1438
1439
1440
1441
1434
1435
1436
1437
1438
1439
1440
1441
1435
1436
1437
1438
1439
1440
1441
1436
1437
1438
1439
1440
1441
1437
1438
1439
1440
1441
1438
1439
1440
1441
1439
1440
1441
1440
1441
1441
1443
1444
1445
1446
1447
1448
1449
1450
1451
1452
1444
1445
1446
1447
1448
1449
1450
1451
1452
1445
1446
1447
1448
1449
1450
1451
1452
1446
1447
1448
1449
1450
1451
1452
1447
1448
1449
1450
1451
1452
1448
1449
1450
1451
1452
1449
1450
1451
1452
1450
1451
1452
1451
1452
1452
1454
1455
1456
1457
1458
1459
1460
1461
1462
1463
1455
1456
1457
1458
1459
1460
1461
1462
1463
1456
1457
1458
1459
1460
1461
1462
1463
1457
1458
1459
1460
1461
1462
1463
1458
1459
1460
1461
1462
1463
1459
1460
1461
1462
1463
1460
1461
1462
1463
1461
1462
1463
1462
1463
1463
1465
1466
1467
1468
1469
1470
1471
1472
1473
1474
1466
1467
1468
1469
1470
1471
1472
1473
1474
1467
1468
1469
1470
1471
1472
1473
1474
1468
1469
1470
1471
1472
1473
1474
1469
1470
1471
1472
1473
1474
1470
1471
1472
1473
1474
1471
1472
1473
1474
1472
1473
1474
1473
1474
1474
1476
1477
1478
1479
1480
1481
1482
1483
1484
1485
1477
1478
1479
1480
1481
1482
1483
1484
1485
1478
1479
1480
1481
1482
1483
1484
1485
1479
1480
1481
1482
1483
1484
1485
1480
1481
1482
1483
1484
1485
1481
1482
1483
1484
1485
1482
1483
1484
1485
1483
1484
1485
1484
1485
1485
1487
1488
1489
1490
1491
1492
1493
1494
1495
1496
1488
1489
1490
1491
1492
1493
1494
1495
1496
1489
1490
1491
1492
1493
1494
1495
1496
1490
1491
1492
1493
1494
1495
1496
1491
1492
1493
1494
1495
1496
1492
1493
1494
1495
1496
1493
1494
1495
1496
1494
1495
1496
1495
1496
1496
1498
1499
1500
1501
1502
1503
1504
1505
1506
1507
1499
1500
1501
1502
1503
1504
1505
1506
1507
1500
1501
1502
1503
1504
1505
1506
1507
1501
1502
1503
1504
1505
1506
1507
1502
1503
1504
1505
1506
1507
1503
1504
1505
1506
1507
1504
1505
1506
1507
1505
1506
1507
1506
1507
1507
1509
1510
1511
1512
1513
1514
1515
1516
1517
1518
1510
1511
1512
1513
1514
1515
1516
1517
1518
1511
1512
1513
1514
1515
1516
1517
1518
1512
1513
1514
1515
1516
1517
1518
1513
1514
1515
1516
1517
1518
1514
1515
1516
1517
1518
1515
1516
1517
1518
1516
1517
1518
1517
1518
1518
1520
1521
1522
1523
1524
1525
1526
1527
1528
1529
1521
1522
1523
1524
1525
1526
1527
1528
1529
1522
1523
1524
1525
1526
1527
1528
1529
1523
1524
1525
1526
1527
1528
1529
1524
1525
1526
1527
1528
1529
1525
1526
1527
1528
1529
1526
1527
1528
1529
1527
1528
1529
1528
1529
1529
1531
1532
1533
1534
1535
1536
1537
1538
1539
1540
1532
1533
1534
1535
1536
1537
1538
1539
1540
1533
1534
1535
1536
1537
1538
1539
1540
1534
1535
1536
1537
1538
1539
1540
1535
1536
1537
1538
1539
1540
1536
1537
1538
1539
1540
1537
1538
1539
1540
1538
1539
1540
1539
1540
1540
