190
409
433
330
262
111
372
144
310
46
304
298
236
282
312
209
400
126
163
149
100
368
350
405
136
299
340
414
83
380
168
77
291
248
63
215
342
142
99
133
134
221
108
419
347
115
236
155
74
373
409
389
322
94
120
274
176
211
408
117
304
227
416
271
105
226
385
146
190
45
174
116
105
158
286
289
319
190
378
340
273
162
62
112
172
264
72
325
104
158
310
409
286
421
68
285
350
176
136
284
228
357
417
330
376
310
243
386
55
370
238
214
213
412
53
146
409
301
389
115
142
165
352
175
325
296
132
113
105
399
196
163
362
273
326
72
174
364
187
288
281
47
350
322
362
142
440
143
323
166
141
327
286
75
375
378
386
325
101
249
215
280
302
345
89
375
212
432
102
321
116
360
372
375
237
180
395
193
185
225
395
235
54
223
230
208
111
347
350
270
231
291
128
200
218
217
393
301
297
171
333
339
383
415
309
148
423
231
68
408
204
249
398
297
438
425
388
229
207
385
410
224
65
60
328
98
417
251
333
84
280
47
176
143
185
339
248
113
220
435
94
263
386
186
119
95
200
176
123
362
431
357
299
168
48
390
62
66
382
89
276
102
286
91
106
134
177
239
65
432
388
383
61
338
303
408
189
266
209
382
182
363
224
225
425
324
216
246
297
349
229
186
291
220
156
379
194
228
340
353
390
367
383
206
138
143
89
188
216
201
316
198
98
132
155
423
105
415
256
311
381
134
156
419
203
55
283
218
405
435
66
164
184
330
200
339
418
159
230
383
148
77
372
49
227
228
47
141
373
400
175
328
73
238
241
264
104
201
92
130
279
142
439
375
322
357
57
415
372
318
213
59
401
258
336
209
389
220
394
168
335
385
233
387
228
226
325
180
175
174
88
393
213
92
225
340
399
338
98
348
49
74
121
249
298
342
70
435
60
145
239
308
391
128
169
433
300
205
363
327
199
112
72
314
295
253
247
85
399
301
375
214
48
103
144
145
94
341
111
199
2
3
4
5
6
7
8
9
10
11
3
4
5
6
7
8
9
10
11
4
5
6
7
8
9
10
11
5
6
7
8
9
10
11
6
7
8
9
10
11
7
8
9
10
11
8
9
10
11
9
10
11
10
11
11
13
14
15
16
17
18
19
20
21
22
14
15
16
17
18
19
20
21
22
15
16
17
18
19
20
21
22
16
17
18
19
20
21
22
17
18
19
20
21
22
18
19
20
21
22
19
20
21
22
20
21
22
21
22
22
24
25
26
27
28
29
30
31
32
33
25
26
27
28
29
30
31
32
33
26
27
28
29
30
31
32
33
27
28
29
30
31
32
33
28
29
30
31
32
33
29
30
31
32
33
30
31
32
33
31
32
33
32
33
33
35
36
37
38
39
40
41
42
43
44
36
37
38
39
40
41
42
43
44
37
38
39
40
41
42
43
44
38
39
40
41
42
43
44
39
40
41
42
43
44
40
41
42
43
44
41
42
43
44
42
43
44
43
44
44
46
47
48
49
50
51
52
53
54
55
47
48
49
50
51
52
53
54
55
48
49
50
51
52
53
54
55
49
50
51
52
53
54
55
50
51
52
53
54
55
51
52
53
54
55
52
53
54
55
53
54
55
54
55
55
57
58
59
60
61
62
63
64
65
66
58
59
60
61
62
63
64
65
66
59
60
61
62
63
64
65
66
60
61
62
63
64
65
66
61
62
63
64
65
66
62
63
64
65
66
63
64
65
66
64
65
66
65
66
66
68
69
70
71
72
73
74
75
76
77
69
70
71
72
73
74
75
76
77
70
71
72
73
74
75
76
77
71
72
73
74
75
76
77
72
73
74
75
76
77
73
74
75
76
77
74
75
76
77
75
76
77
76
77
77
79
80
81
82
83
84
85
86
87
88
80
81
82
83
84
85
86
87
88
81
82
83
84
85
86
87
88
82
83
84
85
86
87
88
83
84
85
86
87
88
84
85
86
87
88
85
86
87
88
86
87
88
87
88
88
90
91
92
93
94
95
96
97
98
99
91
92
93
94
95
96
97
98
99
92
93
94
95
96
97
98
99
93
94
95
96
97
98
99
94
95
96
97
98
99
95
96
97
98
99
96
97
98
99
97
98
99
98
99
99
101
102
103
104
105
106
107
108
109
110
102
103
104
105
106
107
108
109
110
103
104
105
106
107
108
109
110
104
105
106
107
108
109
110
105
106
107
108
109
110
106
107
108
109
110
107
108
109
110
108
109
110
109
110
110
112
113
114
115
116
117
118
119
120
121
113
114
115
116
117
118
119
120
121
114
115
116
117
118
119
120
121
115
116
117
118
119
120
121
116
117
118
119
120
121
117
118
119
120
121
118
119
120
121
119
120
121
120
121
121
123
124
125
126
127
128
129
130
131
132
124
125
126
127
128
129
130
131
132
125
126
127
128
129
130
131
132
126
127
128
129
130
131
132
127
128
129
130
131
132
128
129
130
131
132
129
130
131
132
130
131
132
131
132
132
134
135
136
137
138
139
140
141
142
143
135
136
137
138
139
140
141
142
143
136
137
138
139
140
141
142
143
137
138
139
140
141
142
143
138
139
140
141
142
143
139
140
141
142
143
140
141
142
143
141
142
143
142
143
143
145
146
147
148
149
150
151
152
153
154
146
147
148
149
150
151
152
153
154
147
148
149
150
151
152
153
154
148
149
150
151
152
153
154
149
150
151
152
153
154
150
151
152
153
154
151
152
153
154
152
153
154
153
154
154
156
157
158
159
160
161
162
163
164
165
157
158
159
160
161
162
163
164
165
158
159
160
161
162
163
164
165
159
160
161
162
163
164
165
160
161
162
163
164
165
161
162
163
164
165
162
163
164
165
163
164
165
164
165
165
167
168
169
170
171
172
173
174
175
176
168
169
170
171
172
173
174
175
176
169
170
171
172
173
174
175
176
170
171
172
173
174
175
176
171
172
173
174
175
176
172
173
174
175
176
173
174
175
176
174
175
176
175
176
176
178
179
180
181
182
183
184
185
186
187
179
180
181
182
183
184
185
186
187
180
181
182
183
184
185
186
187
181
182
183
184
185
186
187
182
183
184
185
186
187
183
184
185
186
187
184
185
186
187
185
186
187
186
187
187
189
190
191
192
193
194
195
196
197
198
190
191
192
193
194
195
196
197
198
191
192
193
194
195
196
197
198
192
193
194
195
196
197
198
193
194
195
196
197
198
194
195
196
197
198
195
196
197
198
196
197
198
197
198
198
200
201
202
203
204
205
206
207
208
209
201
202
203
204
205
206
207
208
209
202
203
204
205
206
207
208
209
203
204
205
206
207
208
209
204
205
206
207
208
209
205
206
207
208
209
206
207
208
209
207
208
209
208
209
209
211
212
213
214
215
216
217
218
219
220
212
213
214
215
216
217
218
219
220
213
214
215
216
217
218
219
220
214
215
216
217
218
219
220
215
216
217
218
219
220
216
217
218
219
220
217
218
219
220
218
219
220
219
220
220
222
223
224
225
226
227
228
229
230
231
223
224
225
226
227
228
229
230
231
224
225
226
227
228
229
230
231
225
226
227
228
229
230
231
226
227
228
229
230
231
227
228
229
230
231
228
229
230
231
229
230
231
230
231
231
233
234
235
236
237
238
239
240
241
242
234
235
236
237
238
239
240
241
242
235
236
237
238
239
240
241
242
236
237
238
239
240
241
242
237
238
239
240
241
242
238
239
240
241
242
239
240
241
242
240
241
242
241
242
242
244
245
246
247
248
249
250
251
252
253
245
246
247
248
249
250
251
252
253
246
247
248
249
250
251
252
253
247
248
249
250
251
252
253
248
249
250
251
252
253
249
250
251
252
253
250
251
252
253
251
252
253
252
253
253
255
256
257
258
259
260
261
262
263
264
256
257
258
259
260
261
262
263
264
257
258
259
260
261
262
263
264
258
259
260
261
262
263
264
259
260
261
262
263
264
260
261
262
263
264
261
262
263
264
262
263
264
263
264
264
266
267
268
269
270
271
272
273
274
275
267
268
269
270
271
272
273
274
275
268
269
270
271
272
273
274
275
269
270
271
272
273
274
275
270
271
272
273
274
275
271
272
273
274
275
272
273
274
275
273
274
275
274
275
275
277
278
279
280
281
282
283
284
285
286
278
279
280
281
282
283
284
285
286
279
280
281
282
283
284
285
286
280
281
282
283
284
285
286
281
282
283
284
285
286
282
283
284
285
286
283
284
285
286
284
285
286
285
286
286
288
289
290
291
292
293
294
295
296
297
289
290
291
292
293
294
295
296
297
290
291
292
293
294
295
296
297
291
292
293
294
295
296
297
292
293
294
295
296
297
293
294
295
296
297
294
295
296
297
295
296
297
296
297
297
299
300
301
302
303
304
305
306
307
308
300
301
302
303
304
305
306
307
308
301
302
303
304
305
306
307
308
302
303
304
305
306
307
308
303
304
305
306
307
308
304
305
306
307
308
305
306
307
308
306
307
308
307
308
308
310
311
312
313
314
315
316
317
318
319
311
312
313
314
315
316
317
318
319
312
313
314
315
316
317
318
319
313
314
315
316
317
318
319
314
315
316
317
318
319
315
316
317
318
319
316
317
318
319
317
318
319
318
319
319
321
322
323
324
325
326
327
328
329
330
322
323
324
325
326
327
328
329
330
323
324
325
326
327
328
329
330
324
325
326
327
328
329
330
325
326
327
328
329
330
326
327
328
329
330
327
328
329
330
328
329
330
329
330
330
332
333
334
335
336
337
338
339
340
341
333
334
335
336
337
338
339
340
341
334
335
336
337
338
339
340
341
335
336
337
338
339
340
341
336
337
338
339
340
341
337
338
339
340
341
338
339
340
341
339
340
341
340
341
341
343
344
345
346
347
348
349
350
351
352
344
345
346
347
348
349
350
351
352
345
346
347
348
349
350
351
352
346
347
348
349
350
351
352
347
348
349
350
351
352
348
349
350
351
352
349
350
351
352
350
351
352
351
352
352
354
355
356
357
358
359
360
361
362
363
355
356
357
358
359
360
361
362
363
356
357
358
359
360
361
362
363
357
358
359
360
361
362
363
358
359
360
361
362
363
359
360
361
362
363
360
361
362
363
361
362
363
362
363
363
365
366
367
368
369
370
371
372
373
374
366
367
368
369
370
371
372
373
374
367
368
369
370
371
372
373
374
368
369
370
371
372
373
374
369
370
371
372
373
374
370
371
372
373
374
371
372
373
374
372
373
374
373
374
374
376
377
378
379
380
381
382
383
384
385
377
378
379
380
381
382
383
384
385
378
379
380
381
382
383
384
385
379
380
381
382
383
384
385
380
381
382
383
384
385
381
382
383
384
385
382
383
384
385
383
384
385
384
385
385
387
388
389
390
391
392
393
394
395
396
388
389
390
391
392
393
394
395
396
389
390
391
392
393
394
395
396
390
391
392
393
394
395
396
391
392
393
394
395
396
392
393
394
395
396
393
394
395
396
394
395
396
395
396
396
398
399
400
401
402
403
404
405
406
407
399
400
401
402
403
404
405
406
407
400
401
402
403
404
405
406
407
401
402
403
404
405
406
407
402
403
404
405
406
407
403
404
405
406
407
404
405
406
407
405
406
407
406
407
407
409
410
411
412
413
414
415
416
417
418
410
411
412
413
414
415
416
417
418
411
412
413
414
415
416
417
418
412
413
414
415
416
417
418
413
414
415
416
417
418
414
415
416
417
418
415
416
417
418
416
417
418
417
418
418
420
421
422
423
424
425
426
427
428
429
421
422
423
424
425
426
427
428
429
422
423
424
425
426
427
428
429
423
424
425
426
427
428
429
424
425
426
427
428
429
425
426
427
428
429
426
427
428
429
427
428
429
428
429
429
431
432
433
434
435
436
437
438
439
440
432
433
434
435
436
437
438
439
440
433
434
435
436
437
438
439
440
434
435
436
437
438
439
440
435
436
437
438
439
440
436
437
438
439
440
437
438
439
440
438
439
440
439
440
440
