1128
218
127
1172
282
416
486
73
1089
1301
1112
692
1223
1305
609
322
56
781
532
561
566
308
259
1075
1031
336
876
762
1212
800
235
520
793
737
427
1107
370
57
1281
1253
874
973
498
1254
642
1038
195
384
1263
688
1154
140
597
1212
524
777
789
790
555
1275
674
928
772
1245
745
65
647
575
206
851
1300
69
727
1276
536
1294
645
675
1063
1222
1133
566
1169
435
1035
252
721
681
843
639
332
120
1186
1157
1272
1213
77
170
265
470
633
576
185
852
150
799
254
591
1084
154
453
561
429
1031
928
661
146
264
1188
291
526
864
1309
633
277
292
880
313
275
841
79
56
1038
240
1268
121
1213
238
351
91
49
532
608
601
1013
965
545
1314
833
1297
86
816
656
971
1271
448
194
541
130
152
261
1280
1301
704
690
1052
1061
182
330
520
477
1292
523
1218
81
1214
962
57
491
772
940
521
235
515
443
1168
1054
551
222
164
483
892
880
1313
661
575
632
1044
1160
730
154
1093
999
1210
254
850
770
1020
935
213
265
242
1291
871
942
235
378
1041
1178
1015
679
586
605
320
861
497
760
254
1058
915
964
265
838
1306
1162
424
823
713
234
489
327
1022
1152
542
564
931
871
574
491
755
210
281
773
368
348
1059
146
799
479
1017
230
978
357
844
744
499
460
180
690
967
58
1156
55
680
630
543
1089
938
732
1154
1234
141
991
1172
207
1103
535
509
1263
443
686
270
1159
59
1174
1052
1312
429
1201
1155
1196
781
144
994
629
505
257
906
515
1172
680
884
351
837
1213
319
194
1203
856
783
817
910
104
621
562
497
1225
346
396
786
1314
438
979
653
132
607
111
857
248
963
131
1204
395
762
174
1229
361
538
527
1100
1168
170
748
1297
298
1138
903
1243
733
617
760
1185
1109
356
1079
573
499
906
350
778
339
1146
119
1266
139
607
152
347
306
302
352
688
596
323
755
550
862
111
912
474
408
845
615
309
387
619
264
1236
994
371
660
1073
57
1052
1316
230
742
91
1206
627
729
285
454
527
451
105
672
980
1233
597
229
952
913
172
1256
846
163
448
269
812
623
567
835
619
824
136
242
727
597
1198
2
3
4
5
6
7
8
9
10
11
3
4
5
6
7
8
9
10
11
4
5
6
7
8
9
10
11
5
6
7
8
9
10
11
6
7
8
9
10
11
7
8
9
10
11
8
9
10
11
9
10
11
10
11
11
13
14
15
16
17
18
19
20
21
22
14
15
16
17
18
19
20
21
22
15
16
17
18
19
20
21
22
16
17
18
19
20
21
22
17
18
19
20
21
22
18
19
20
21
22
19
20
21
22
20
21
22
21
22
22
24
25
26
27
28
29
30
31
32
33
25
26
27
28
29
30
31
32
33
26
27
28
29
30
31
32
33
27
28
29
30
31
32
33
28
29
30
31
32
33
29
30
31
32
33
30
31
32
33
31
32
33
32
33
33
35
36
37
38
39
40
41
42
43
44
36
37
38
39
40
41
42
43
44
37
38
39
40
41
42
43
44
38
39
40
41
42
43
44
39
40
41
42
43
44
40
41
42
43
44
41
42
43
44
42
43
44
43
44
44
46
47
48
49
50
51
52
53
54
55
47
48
49
50
51
52
53
54
55
48
49
50
51
52
53
54
55
49
50
51
52
53
54
55
50
51
52
53
54
55
51
52
53
54
55
52
53
54
55
53
54
55
54
55
55
57
58
59
60
61
62
63
64
65
66
58
59
60
61
62
63
64
65
66
59
60
61
62
63
64
65
66
60
61
62
63
64
65
66
61
62
63
64
65
66
62
63
64
65
66
63
64
65
66
64
65
66
65
66
66
68
69
70
71
72
73
74
75
76
77
69
70
71
72
73
74
75
76
77
70
71
72
73
74
75
76
77
71
72
73
74
75
76
77
72
73
74
75
76
77
73
74
75
76
77
74
75
76
77
75
76
77
76
77
77
79
80
81
82
83
84
85
86
87
88
80
81
82
83
84
85
86
87
88
81
82
83
84
85
86
87
88
82
83
84
85
86
87
88
83
84
85
86
87
88
84
85
86
87
88
85
86
87
88
86
87
88
87
88
88
90
91
92
93
94
95
96
97
98
99
91
92
93
94
95
96
97
98
99
92
93
94
95
96
97
98
99
93
94
95
96
97
98
99
94
95
96
97
98
99
95
96
97
98
99
96
97
98
99
97
98
99
98
99
99
101
102
103
104
105
106
107
108
109
110
102
103
104
105
106
107
108
109
110
103
104
105
106
107
108
109
110
104
105
106
107
108
109
110
105
106
107
108
109
110
106
107
108
109
110
107
108
109
110
108
109
110
109
110
110
112
113
114
115
116
117
118
119
120
121
113
114
115
116
117
118
119
120
121
114
115
116
117
118
119
120
121
115
116
117
118
119
120
121
116
117
118
119
120
121
117
118
119
120
121
118
119
120
121
119
120
121
120
121
121
123
124
125
126
127
128
129
130
131
132
124
125
126
127
128
129
130
131
132
125
126
127
128
129
130
131
132
126
127
128
129
130
131
132
127
128
129
130
131
132
128
129
130
131
132
129
130
131
132
130
131
132
131
132
132
134
135
136
137
138
139
140
141
142
143
135
136
137
138
139
140
141
142
143
136
137
138
139
140
141
142
143
137
138
139
140
141
142
143
138
139
140
141
142
143
139
140
141
142
143
140
141
142
143
141
142
143
142
143
143
145
146
147
148
149
150
151
152
153
154
146
147
148
149
150
151
152
153
154
147
148
149
150
151
152
153
154
148
149
150
151
152
153
154
149
150
151
152
153
154
150
151
152
153
154
151
152
153
154
152
153
154
153
154
154
156
157
158
159
160
161
162
163
164
165
157
158
159
160
161
162
163
164
165
158
159
160
161
162
163
164
165
159
160
161
162
163
164
165
160
161
162
163
164
165
161
162
163
164
165
162
163
164
165
163
164
165
164
165
165
167
168
169
170
171
172
173
174
175
176
168
169
170
171
172
173
174
175
176
169
170
171
172
173
174
175
176
170
171
172
173
174
175
176
171
172
173
174
175
176
172
173
174
175
176
173
174
175
176
174
175
176
175
176
176
178
179
180
181
182
183
184
185
186
187
179
180
181
182
183
184
185
186
187
180
181
182
183
184
185
186
187
181
182
183
184
185
186
187
182
183
184
185
186
187
183
184
185
186
187
184
185
186
187
185
186
187
186
187
187
189
190
191
192
193
194
195
196
197
198
190
191
192
193
194
195
196
197
198
191
192
193
194
195
196
197
198
192
193
194
195
196
197
198
193
194
195
196
197
198
194
195
196
197
198
195
196
197
198
196
197
198
197
198
198
200
201
202
203
204
205
206
207
208
209
201
202
203
204
205
206
207
208
209
202
203
204
205
206
207
208
209
203
204
205
206
207
208
209
204
205
206
207
208
209
205
206
207
208
209
206
207
208
209
207
208
209
208
209
209
211
212
213
214
215
216
217
218
219
220
212
213
214
215
216
217
218
219
220
213
214
215
216
217
218
219
220
214
215
216
217
218
219
220
215
216
217
218
219
220
216
217
218
219
220
217
218
219
220
218
219
220
219
220
220
222
223
224
225
226
227
228
229
230
231
223
224
225
226
227
228
229
230
231
224
225
226
227
228
229
230
231
225
226
227
228
229
230
231
226
227
228
229
230
231
227
228
229
230
231
228
229
230
231
229
230
231
230
231
231
233
234
235
236
237
238
239
240
241
242
234
235
236
237
238
239
240
241
242
235
236
237
238
239
240
241
242
236
237
238
239
240
241
242
237
238
239
240
241
242
238
239
240
241
242
239
240
241
242
240
241
242
241
242
242
244
245
246
247
248
249
250
251
252
253
245
246
247
248
249
250
251
252
253
246
247
248
249
250
251
252
253
247
248
249
250
251
252
253
248
249
250
251
252
253
249
250
251
252
253
250
251
252
253
251
252
253
252
253
253
255
256
257
258
259
260
261
262
263
264
256
257
258
259
260
261
262
263
264
257
258
259
260
261
262
263
264
258
259
260
261
262
263
264
259
260
261
262
263
264
260
261
262
263
264
261
262
263
264
262
263
264
263
264
264
266
267
268
269
270
271
272
273
274
275
267
268
269
270
271
272
273
274
275
268
269
270
271
272
273
274
275
269
270
271
272
273
274
275
270
271
272
273
274
275
271
272
273
274
275
272
273
274
275
273
274
275
274
275
275
277
278
279
280
281
282
283
284
285
286
278
279
280
281
282
283
284
285
286
279
280
281
282
283
284
285
286
280
281
282
283
284
285
286
281
282
283
284
285
286
282
283
284
285
286
283
284
285
286
284
285
286
285
286
286
288
289
290
291
292
293
294
295
296
297
289
290
291
292
293
294
295
296
297
290
291
292
293
294
295
296
297
291
292
293
294
295
296
297
292
293
294
295
296
297
293
294
295
296
297
294
295
296
297
295
296
297
296
297
297
299
300
301
302
303
304
305
306
307
308
300
301
302
303
304
305
306
307
308
301
302
303
304
305
306
307
308
302
303
304
305
306
307
308
303
304
305
306
307
308
304
305
306
307
308
305
306
307
308
306
307
308
307
308
308
310
311
312
313
314
315
316
317
318
319
311
312
313
314
315
316
317
318
319
312
313
314
315
316
317
318
319
313
314
315
316
317
318
319
314
315
316
317
318
319
315
316
317
318
319
316
317
318
319
317
318
319
318
319
319
321
322
323
324
325
326
327
328
329
330
322
323
324
325
326
327
328
329
330
323
324
325
326
327
328
329
330
324
325
326
327
328
329
330
325
326
327
328
329
330
326
327
328
329
330
327
328
329
330
328
329
330
329
330
330
332
333
334
335
336
337
338
339
340
341
333
334
335
336
337
338
339
340
341
334
335
336
337
338
339
340
341
335
336
337
338
339
340
341
336
337
338
339
340
341
337
338
339
340
341
338
339
340
341
339
340
341
340
341
341
343
344
345
346
347
348
349
350
351
352
344
345
346
347
348
349
350
351
352
345
346
347
348
349
350
351
352
346
347
348
349
350
351
352
347
348
349
350
351
352
348
349
350
351
352
349
350
351
352
350
351
352
351
352
352
354
355
356
357
358
359
360
361
362
363
355
356
357
358
359
360
361
362
363
356
357
358
359
360
361
362
363
357
358
359
360
361
362
363
358
359
360
361
362
363
359
360
361
362
363
360
361
362
363
361
362
363
362
363
363
365
366
367
368
369
370
371
372
373
374
366
367
368
369
370
371
372
373
374
367
368
369
370
371
372
373
374
368
369
370
371
372
373
374
369
370
371
372
373
374
370
371
372
373
374
371
372
373
374
372
373
374
373
374
374
376
377
378
379
380
381
382
383
384
385
377
378
379
380
381
382
383
384
385
378
379
380
381
382
383
384
385
379
380
381
382
383
384
385
380
381
382
383
384
385
381
382
383
384
385
382
383
384
385
383
384
385
384
385
385
387
388
389
390
391
392
393
394
395
396
388
389
390
391
392
393
394
395
396
389
390
391
392
393
394
395
396
390
391
392
393
394
395
396
391
392
393
394
395
396
392
393
394
395
396
393
394
395
396
394
395
396
395
396
396
398
399
400
401
402
403
404
405
406
407
399
400
401
402
403
404
405
406
407
400
401
402
403
404
405
406
407
401
402
403
404
405
406
407
402
403
404
405
406
407
403
404
405
406
407
404
405
406
407
405
406
407
406
407
407
409
410
411
412
413
414
415
416
417
418
410
411
412
413
414
415
416
417
418
411
412
413
414
415
416
417
418
412
413
414
415
416
417
418
413
414
415
416
417
418
414
415
416
417
418
415
416
417
418
416
417
418
417
418
418
420
421
422
423
424
425
426
427
428
429
421
422
423
424
425
426
427
428
429
422
423
424
425
426
427
428
429
423
424
425
426
427
428
429
424
425
426
427
428
429
425
426
427
428
429
426
427
428
429
427
428
429
428
429
429
431
432
433
434
435
436
437
438
439
440
432
433
434
435
436
437
438
439
440
433
434
435
436
437
438
439
440
434
435
436
437
438
439
440
435
436
437
438
439
440
436
437
438
439
440
437
438
439
440
438
439
440
439
440
440
442
443
444
445
446
447
448
449
450
451
443
444
445
446
447
448
449
450
451
444
445
446
447
448
449
450
451
445
446
447
448
449
450
451
446
447
448
449
450
451
447
448
449
450
451
448
449
450
451
449
450
451
450
451
451
453
454
455
456
457
458
459
460
461
462
454
455
456
457
458
459
460
461
462
455
456
457
458
459
460
461
462
456
457
458
459
460
461
462
457
458
459
460
461
462
458
459
460
461
462
459
460
461
462
460
461
462
461
462
462
464
465
466
467
468
469
470
471
472
473
465
466
467
468
469
470
471
472
473
466
467
468
469
470
471
472
473
467
468
469
470
471
472
473
468
469
470
471
472
473
469
470
471
472
473
470
471
472
473
471
472
473
472
473
473
475
476
477
478
479
480
481
482
483
484
476
477
478
479
480
481
482
483
484
477
478
479
480
481
482
483
484
478
479
480
481
482
483
484
479
480
481
482
483
484
480
481
482
483
484
481
482
483
484
482
483
484
483
484
484
486
487
488
489
490
491
492
493
494
495
487
488
489
490
491
492
493
494
495
488
489
490
491
492
493
494
495
489
490
491
492
493
494
495
490
491
492
493
494
495
491
492
493
494
495
492
493
494
495
493
494
495
494
495
495
497
498
499
500
501
502
503
504
505
506
498
499
500
501
502
503
504
505
506
499
500
501
502
503
504
505
506
500
501
502
503
504
505
506
501
502
503
504
505
506
502
503
504
505
506
503
504
505
506
504
505
506
505
506
506
508
509
510
511
512
513
514
515
516
517
509
510
511
512
513
514
515
516
517
510
511
512
513
514
515
516
517
511
512
513
514
515
516
517
512
513
514
515
516
517
513
514
515
516
517
514
515
516
517
515
516
517
516
517
517
519
520
521
522
523
524
525
526
527
528
520
521
522
523
524
525
526
527
528
521
522
523
524
525
526
527
528
522
523
524
525
526
527
528
523
524
525
526
527
528
524
525
526
527
528
525
526
527
528
526
527
528
527
528
528
530
531
532
533
534
535
536
537
538
539
531
532
533
534
535
536
537
538
539
532
533
534
535
536
537
538
539
533
534
535
536
537
538
539
534
535
536
537
538
539
535
536
537
538
539
536
537
538
539
537
538
539
538
539
539
541
542
543
544
545
546
547
548
549
550
542
543
544
545
546
547
548
549
550
543
544
545
546
547
548
549
550
544
545
546
547
548
549
550
545
546
547
548
549
550
546
547
548
549
550
547
548
549
550
548
549
550
549
550
550
552
553
554
555
556
557
558
559
560
561
553
554
555
556
557
558
559
560
561
554
555
556
557
558
559
560
561
555
556
557
558
559
560
561
556
557
558
559
560
561
557
558
559
560
561
558
559
560
561
559
560
561
560
561
561
563
564
565
566
567
568
569
570
571
572
564
565
566
567
568
569
570
571
572
565
566
567
568
569
570
571
572
566
567
568
569
570
571
572
567
568
569
570
571
572
568
569
570
571
572
569
570
571
572
570
571
572
571
572
572
574
575
576
577
578
579
580
581
582
583
575
576
577
578
579
580
581
582
583
576
577
578
579
580
581
582
583
577
578
579
580
581
582
583
578
579
580
581
582
583
579
580
581
582
583
580
581
582
583
581
582
583
582
583
583
585
586
587
588
589
590
591
592
593
594
586
587
588
589
590
591
592
593
594
587
588
589
590
591
592
593
594
588
589
590
591
592
593
594
589
590
591
592
593
594
590
591
592
593
594
591
592
593
594
592
593
594
593
594
594
596
597
598
599
600
601
602
603
604
605
597
598
599
600
601
602
603
604
605
598
599
600
601
602
603
604
605
599
600
601
602
603
604
605
600
601
602
603
604
605
601
602
603
604
605
602
603
604
605
603
604
605
604
605
605
607
608
609
610
611
612
613
614
615
616
608
609
610
611
612
613
614
615
616
609
610
611
612
613
614
615
616
610
611
612
613
614
615
616
611
612
613
614
615
616
612
613
614
615
616
613
614
615
616
614
615
616
615
616
616
618
619
620
621
622
623
624
625
626
627
619
620
621
622
623
624
625
626
627
620
621
622
623
624
625
626
627
621
622
623
624
625
626
627
622
623
624
625
626
627
623
624
625
626
627
624
625
626
627
625
626
627
626
627
627
629
630
631
632
633
634
635
636
637
638
630
631
632
633
634
635
636
637
638
631
632
633
634
635
636
637
638
632
633
634
635
636
637
638
633
634
635
636
637
638
634
635
636
637
638
635
636
637
638
636
637
638
637
638
638
640
641
642
643
644
645
646
647
648
649
641
642
643
644
645
646
647
648
649
642
643
644
645
646
647
648
649
643
644
645
646
647
648
649
644
645
646
647
648
649
645
646
647
648
649
646
647
648
649
647
648
649
648
649
649
651
652
653
654
655
656
657
658
659
660
652
653
654
655
656
657
658
659
660
653
654
655
656
657
658
659
660
654
655
656
657
658
659
660
655
656
657
658
659
660
656
657
658
659
660
657
658
659
660
658
659
660
659
660
660
662
663
664
665
666
667
668
669
670
671
663
664
665
666
667
668
669
670
671
664
665
666
667
668
669
670
671
665
666
667
668
669
670
671
666
667
668
669
670
671
667
668
669
670
671
668
669
670
671
669
670
671
670
671
671
673
674
675
676
677
678
679
680
681
682
674
675
676
677
678
679
680
681
682
675
676
677
678
679
680
681
682
676
677
678
679
680
681
682
677
678
679
680
681
682
678
679
680
681
682
679
680
681
682
680
681
682
681
682
682
684
685
686
687
688
689
690
691
692
693
685
686
687
688
689
690
691
692
693
686
687
688
689
690
691
692
693
687
688
689
690
691
692
693
688
689
690
691
692
693
689
690
691
692
693
690
691
692
693
691
692
693
692
693
693
695
696
697
698
699
700
701
702
703
704
696
697
698
699
700
701
702
703
704
697
698
699
700
701
702
703
704
698
699
700
701
702
703
704
699
700
701
702
703
704
700
701
702
703
704
701
702
703
704
702
703
704
703
704
704
706
707
708
709
710
711
712
713
714
715
707
708
709
710
711
712
713
714
715
708
709
710
711
712
713
714
715
709
710
711
712
713
714
715
710
711
712
713
714
715
711
712
713
714
715
712
713
714
715
713
714
715
714
715
715
717
718
719
720
721
722
723
724
725
726
718
719
720
721
722
723
724
725
726
719
720
721
722
723
724
725
726
720
721
722
723
724
725
726
721
722
723
724
725
726
722
723
724
725
726
723
724
725
726
724
725
726
725
726
726
728
729
730
731
732
733
734
735
736
737
729
730
731
732
733
734
735
736
737
730
731
732
733
734
735
736
737
731
732
733
734
735
736
737
732
733
734
735
736
737
733
734
735
736
737
734
735
736
737
735
736
737
736
737
737
739
740
741
742
743
744
745
746
747
748
740
741
742
743
744
745
746
747
748
741
742
743
744
745
746
747
748
742
743
744
745
746
747
748
743
744
745
746
747
748
744
745
746
747
748
745
746
747
748
746
747
748
747
748
748
750
751
752
753
754
755
756
757
758
759
751
752
753
754
755
756
757
758
759
752
753
754
755
756
757
758
759
753
754
755
756
757
758
759
754
755
756
757
758
759
755
756
757
758
759
756
757
758
759
757
758
759
758
759
759
761
762
763
764
765
766
767
768
769
770
762
763
764
765
766
767
768
769
770
763
764
765
766
767
768
769
770
764
765
766
767
768
769
770
765
766
767
768
769
770
766
767
768
769
770
767
768
769
770
768
769
770
769
770
770
772
773
774
775
776
777
778
779
780
781
773
774
775
776
777
778
779
780
781
774
775
776
777
778
779
780
781
775
776
777
778
779
780
781
776
777
778
779
780
781
777
778
779
780
781
778
779
780
781
779
780
781
780
781
781
783
784
785
786
787
788
789
790
791
792
784
785
786
787
788
789
790
791
792
785
786
787
788
789
790
791
792
786
787
788
789
790
791
792
787
788
789
790
791
792
788
789
790
791
792
789
790
791
792
790
791
792
791
792
792
794
795
796
797
798
799
800
801
802
803
795
796
797
798
799
800
801
802
803
796
797
798
799
800
801
802
803
797
798
799
800
801
802
803
798
799
800
801
802
803
799
800
801
802
803
800
801
802
803
801
802
803
802
803
803
805
806
807
808
809
810
811
812
813
814
806
807
808
809
810
811
812
813
814
807
808
809
810
811
812
813
814
808
809
810
811
812
813
814
809
810
811
812
813
814
810
811
812
813
814
811
812
813
814
812
813
814
813
814
814
816
817
818
819
820
821
822
823
824
825
817
818
819
820
821
822
823
824
825
818
819
820
821
822
823
824
825
819
820
821
822
823
824
825
820
821
822
823
824
825
821
822
823
824
825
822
823
824
825
823
824
825
824
825
825
827
828
829
830
831
832
833
834
835
836
828
829
830
831
832
833
834
835
836
829
830
831
832
833
834
835
836
830
831
832
833
834
835
836
831
832
833
834
835
836
832
833
834
835
836
833
834
835
836
834
835
836
835
836
836
838
839
840
841
842
843
844
845
846
847
839
840
841
842
843
844
845
846
847
840
841
842
843
844
845
846
847
841
842
843
844
845
846
847
842
843
844
845
846
847
843
844
845
846
847
844
845
846
847
845
846
847
846
847
847
849
850
851
852
853
854
855
856
857
858
850
851
852
853
854
855
856
857
858
851
852
853
854
855
856
857
858
852
853
854
855
856
857
858
853
854
855
856
857
858
854
855
856
857
858
855
856
857
858
856
857
858
857
858
858
860
861
862
863
864
865
866
867
868
869
861
862
863
864
865
866
867
868
869
862
863
864
865
866
867
868
869
863
864
865
866
867
868
869
864
865
866
867
868
869
865
866
867
868
869
866
867
868
869
867
868
869
868
869
869
871
872
873
874
875
876
877
878
879
880
872
873
874
875
876
877
878
879
880
873
874
875
876
877
878
879
880
874
875
876
877
878
879
880
875
876
877
878
879
880
876
877
878
879
880
877
878
879
880
878
879
880
879
880
880
882
883
884
885
886
887
888
889
890
891
883
884
885
886
887
888
889
890
891
884
885
886
887
888
889
890
891
885
886
887
888
889
890
891
886
887
888
889
890
891
887
888
889
890
891
888
889
890
891
889
890
891
890
891
891
893
894
895
896
897
898
899
900
901
902
894
895
896
897
898
899
900
901
902
895
896
897
898
899
900
901
902
896
897
898
899
900
901
902
897
898
899
900
901
902
898
899
900
901
902
899
900
901
902
900
901
902
901
902
902
904
905
906
907
908
909
910
911
912
913
905
906
907
908
909
910
911
912
913
906
907
908
909
910
911
912
913
907
908
909
910
911
912
913
908
909
910
911
912
913
909
910
911
912
913
910
911
912
913
911
912
913
912
913
913
915
916
917
918
919
920
921
922
923
924
916
917
918
919
920
921
922
923
924
917
918
919
920
921
922
923
924
918
919
920
921
922
923
924
919
920
921
922
923
924
920
921
922
923
924
921
922
923
924
922
923
924
923
924
924
926
927
928
929
930
931
932
933
934
935
927
928
929
930
931
932
933
934
935
928
929
930
931
932
933
934
935
929
930
931
932
933
934
935
930
931
932
933
934
935
931
932
933
934
935
932
933
934
935
933
934
935
934
935
935
937
938
939
940
941
942
943
944
945
946
938
939
940
941
942
943
944
945
946
939
940
941
942
943
944
945
946
940
941
942
943
944
945
946
941
942
943
944
945
946
942
943
944
945
946
943
944
945
946
944
945
946
945
946
946
948
949
950
951
952
953
954
955
956
957
949
950
951
952
953
954
955
956
957
950
951
952
953
954
955
956
957
951
952
953
954
955
956
957
952
953
954
955
956
957
953
954
955
956
957
954
955
956
957
955
956
957
956
957
957
959
960
961
962
963
964
965
966
967
968
960
961
962
963
964
965
966
967
968
961
962
963
964
965
966
967
968
962
963
964
965
966
967
968
963
964
965
966
967
968
964
965
966
967
968
965
966
967
968
966
967
968
967
968
968
970
971
972
973
974
975
976
977
978
979
971
972
973
974
975
976
977
978
979
972
973
974
975
976
977
978
979
973
974
975
976
977
978
979
974
975
976
977
978
979
975
976
977
978
979
976
977
978
979
977
978
979
978
979
979
981
982
983
984
985
986
987
988
989
990
982
983
984
985
986
987
988
989
990
983
984
985
986
987
988
989
990
984
985
986
987
988
989
990
985
986
987
988
989
990
986
987
988
989
990
987
988
989
990
988
989
990
989
990
990
992
993
994
995
996
997
998
999
1000
1001
993
994
995
996
997
998
999
1000
1001
994
995
996
997
998
999
1000
1001
995
996
997
998
999
1000
1001
996
997
998
999
1000
1001
997
998
999
1000
1001
998
999
1000
1001
999
1000
1001
1000
1001
1001
1003
1004
1005
1006
1007
1008
1009
1010
1011
1012
1004
1005
1006
1007
1008
1009
1010
1011
1012
1005
1006
1007
1008
1009
1010
1011
1012
1006
1007
1008
1009
1010
1011
1012
1007
1008
1009
1010
1011
1012
1008
1009
1010
1011
1012
1009
1010
1011
1012
1010
1011
1012
1011
1012
1012
1014
1015
1016
1017
1018
1019
1020
1021
1022
1023
1015
1016
1017
1018
1019
1020
1021
1022
1023
1016
1017
1018
1019
1020
1021
1022
1023
1017
1018
1019
1020
1021
1022
1023
1018
1019
1020
1021
1022
1023
1019
1020
1021
1022
1023
1020
1021
1022
1023
1021
1022
1023
1022
1023
1023
1025
1026
1027
1028
1029
1030
1031
1032
1033
1034
1026
1027
1028
1029
1030
1031
1032
1033
1034
1027
1028
1029
1030
1031
1032
1033
1034
1028
1029
1030
1031
1032
1033
1034
1029
1030
1031
1032
1033
1034
1030
1031
1032
1033
1034
1031
1032
1033
1034
1032
1033
1034
1033
1034
1034
1036
1037
1038
1039
1040
1041
1042
1043
1044
1045
1037
1038
1039
1040
1041
1042
1043
1044
1045
1038
1039
1040
1041
1042
1043
1044
1045
1039
1040
1041
1042
1043
1044
1045
1040
1041
1042
1043
1044
1045
1041
1042
1043
1044
1045
1042
1043
1044
1045
1043
1044
1045
1044
1045
1045
1047
1048
1049
1050
1051
1052
1053
1054
1055
1056
1048
1049
1050
1051
1052
1053
1054
1055
1056
1049
1050
1051
1052
1053
1054
1055
1056
1050
1051
1052
1053
1054
1055
1056
1051
1052
1053
1054
1055
1056
1052
1053
1054
1055
1056
1053
1054
1055
1056
1054
1055
1056
1055
1056
1056
1058
1059
1060
1061
1062
1063
1064
1065
1066
1067
1059
1060
1061
1062
1063
1064
1065
1066
1067
1060
1061
1062
1063
1064
1065
1066
1067
1061
1062
1063
1064
1065
1066
1067
1062
1063
1064
1065
1066
1067
1063
1064
1065
1066
1067
1064
1065
1066
1067
1065
1066
1067
1066
1067
1067
1069
1070
1071
1072
1073
1074
1075
1076
1077
1078
1070
1071
1072
1073
1074
1075
1076
1077
1078
1071
1072
1073
1074
1075
1076
1077
1078
1072
1073
1074
1075
1076
1077
1078
1073
1074
1075
1076
1077
1078
1074
1075
1076
1077
1078
1075
1076
1077
1078
1076
1077
1078
1077
1078
1078
1080
1081
1082
1083
1084
1085
1086
1087
1088
1089
1081
1082
1083
1084
1085
1086
1087
1088
1089
1082
1083
1084
1085
1086
1087
1088
1089
1083
1084
1085
1086
1087
1088
1089
1084
1085
1086
1087
1088
1089
1085
1086
1087
1088
1089
1086
1087
1088
1089
1087
1088
1089
1088
1089
1089
1091
1092
1093
1094
1095
1096
1097
1098
1099
1100
1092
1093
1094
1095
1096
1097
1098
1099
1100
1093
1094
1095
1096
1097
1098
1099
1100
1094
1095
1096
1097
1098
1099
1100
1095
1096
1097
1098
1099
1100
1096
1097
1098
1099
1100
1097
1098
1099
1100
1098
1099
1100
1099
1100
1100
1102
1103
1104
1105
1106
1107
1108
1109
1110
1111
1103
1104
1105
1106
1107
1108
1109
1110
1111
1104
1105
1106
1107
1108
1109
1110
1111
1105
1106
1107
1108
1109
1110
1111
1106
1107
1108
1109
1110
1111
1107
1108
1109
1110
1111
1108
1109
1110
1111
1109
1110
1111
1110
1111
1111
1113
1114
1115
1116
1117
1118
1119
1120
1121
1122
1114
1115
1116
1117
1118
1119
1120
1121
1122
1115
1116
1117
1118
1119
1120
1121
1122
1116
1117
1118
1119
1120
1121
1122
1117
1118
1119
1120
1121
1122
1118
1119
1120
1121
1122
1119
1120
1121
1122
1120
1121
1122
1121
1122
1122
1124
1125
1126
1127
1128
1129
1130
1131
1132
1133
1125
1126
1127
1128
1129
1130
1131
1132
1133
1126
1127
1128
1129
1130
1131
1132
1133
1127
1128
1129
1130
1131
1132
1133
1128
1129
1130
1131
1132
1133
1129
1130
1131
1132
1133
1130
1131
1132
1133
1131
1132
1133
1132
1133
1133
1135
1136
1137
1138
1139
1140
1141
1142
1143
1144
1136
1137
1138
1139
1140
1141
1142
1143
1144
1137
1138
1139
1140
1141
1142
1143
1144
1138
1139
1140
1141
1142
1143
1144
1139
1140
1141
1142
1143
1144
1140
1141
1142
1143
1144
1141
1142
1143
1144
1142
1143
1144
1143
1144
1144
1146
1147
1148
1149
1150
1151
1152
1153
1154
1155
1147
1148
1149
1150
1151
1152
1153
1154
1155
1148
1149
1150
1151
1152
1153
1154
1155
1149
1150
1151
1152
1153
1154
1155
1150
1151
1152
1153
1154
1155
1151
1152
1153
1154
1155
1152
1153
1154
1155
1153
1154
1155
1154
1155
1155
1157
1158
1159
1160
1161
1162
1163
1164
1165
1166
1158
1159
1160
1161
1162
1163
1164
1165
1166
1159
1160
1161
1162
1163
1164
1165
1166
1160
1161
1162
1163
1164
1165
1166
1161
1162
1163
1164
1165
1166
1162
1163
1164
1165
1166
1163
1164
1165
1166
1164
1165
1166
1165
1166
1166
1168
1169
1170
1171
1172
1173
1174
1175
1176
1177
1169
1170
1171
1172
1173
1174
1175
1176
1177
1170
1171
1172
1173
1174
1175
1176
1177
1171
1172
1173
1174
1175
1176
1177
1172
1173
1174
1175
1176
1177
1173
1174
1175
1176
1177
1174
1175
1176
1177
1175
1176
1177
1176
1177
1177
1179
1180
1181
1182
1183
1184
1185
1186
1187
1188
1180
1181
1182
1183
1184
1185
1186
1187
1188
1181
1182
1183
1184
1185
1186
1187
1188
1182
1183
1184
1185
1186
1187
1188
1183
1184
1185
1186
1187
1188
1184
1185
1186
1187
1188
1185
1186
1187
1188
1186
1187
1188
1187
1188
1188
1190
1191
1192
1193
1194
1195
1196
1197
1198
1199
1191
1192
1193
1194
1195
1196
1197
1198
1199
1192
1193
1194
1195
1196
1197
1198
1199
1193
1194
1195
1196
1197
1198
1199
1194
1195
1196
1197
1198
1199
1195
1196
1197
1198
1199
1196
1197
1198
1199
1197
1198
1199
1198
1199
1199
1201
1202
1203
1204
1205
1206
1207
1208
1209
1210
1202
1203
1204
1205
1206
1207
1208
1209
1210
1203
1204
1205
1206
1207
1208
1209
1210
1204
1205
1206
1207
1208
1209
1210
1205
1206
1207
1208
1209
1210
1206
1207
1208
1209
1210
1207
1208
1209
1210
1208
1209
1210
1209
1210
1210
1212
1213
1214
1215
1216
1217
1218
1219
1220
1221
1213
1214
1215
1216
1217
1218
1219
1220
1221
1214
1215
1216
1217
1218
1219
1220
1221
1215
1216
1217
1218
1219
1220
1221
1216
1217
1218
1219
1220
1221
1217
1218
1219
1220
1221
1218
1219
1220
1221
1219
1220
1221
1220
1221
1221
1223
1224
1225
1226
1227
1228
1229
1230
1231
1232
1224
1225
1226
1227
1228
1229
1230
1231
1232
1225
1226
1227
1228
1229
1230
1231
1232
1226
1227
1228
1229
1230
1231
1232
1227
1228
1229
1230
1231
1232
1228
1229
1230
1231
1232
1229
1230
1231
1232
1230
1231
1232
1231
1232
1232
1234
1235
1236
1237
1238
1239
1240
1241
1242
1243
1235
1236
1237
1238
1239
1240
1241
1242
1243
1236
1237
1238
1239
1240
1241
1242
1243
1237
1238
1239
1240
1241
1242
1243
1238
1239
1240
1241
1242
1243
1239
1240
1241
1242
1243
1240
1241
1242
1243
1241
1242
1243
1242
1243
1243
1245
1246
1247
1248
1249
1250
1251
1252
1253
1254
1246
1247
1248
1249
1250
1251
1252
1253
1254
1247
1248
1249
1250
1251
1252
1253
1254
1248
1249
1250
1251
1252
1253
1254
1249
1250
1251
1252
1253
1254
1250
1251
1252
1253
1254
1251
1252
1253
1254
1252
1253
1254
1253
1254
1254
1256
1257
1258
1259
1260
1261
1262
1263
1264
1265
1257
1258
1259
1260
1261
1262
1263
1264
1265
1258
1259
1260
1261
1262
1263
1264
1265
1259
1260
1261
1262
1263
1264
1265
1260
1261
1262
1263
1264
1265
1261
1262
1263
1264
1265
1262
1263
1264
1265
1263
1264
1265
1264
1265
1265
1267
1268
1269
1270
1271
1272
1273
1274
1275
1276
1268
1269
1270
1271
1272
1273
1274
1275
1276
1269
1270
1271
1272
1273
1274
1275
1276
1270
1271
1272
1273
1274
1275
1276
1271
1272
1273
1274
1275
1276
1272
1273
1274
1275
1276
1273
1274
1275
1276
1274
1275
1276
1275
1276
1276
1278
1279
1280
1281
1282
1283
1284
1285
1286
1287
1279
1280
1281
1282
1283
1284
1285
1286
1287
1280
1281
1282
1283
1284
1285
1286
1287
1281
1282
1283
1284
1285
1286
1287
1282
1283
1284
1285
1286
1287
1283
1284
1285
1286
1287
1284
1285
1286
1287
1285
1286
1287
1286
1287
1287
1289
1290
1291
1292
1293
1294
1295
1296
1297
1298
1290
1291
1292
1293
1294
1295
1296
1297
1298
1291
1292
1293
1294
1295
1296
1297
1298
1292
1293
1294
1295
1296
1297
1298
1293
1294
1295
1296
1297
1298
1294
1295
1296
1297
1298
1295
1296
1297
1298
1296
1297
1298
1297
1298
1298
1300
1301
1302
1303
1304
1305
1306
1307
1308
1309
1301
1302
1303
1304
1305
1306
1307
1308
1309
1302
1303
1304
1305
1306
1307
1308
1309
1303
1304
1305
1306
1307
1308
1309
1304
1305
1306
1307
1308
1309
1305
1306
1307
1308
1309
1306
1307
1308
1309
1307
1308
1309
1308
1309
1309
1311
1312
1313
1314
1315
1316
1317
1318
1319
1320
1312
1313
1314
1315
1316
1317
1318
1319
1320
1313
1314
1315
1316
1317
1318
1319
1320
1314
1315
1316
1317
1318
1319
1320
1315
1316
1317
1318
1319
1320
1316
1317
1318
1319
1320
1317
1318
1319
1320
1318
1319
1320
1319
1320
1320
