97
63
145
85
59
206
96
101
168
88
71
180
144
207
121
201
128
175
50
104
58
125
153
68
158
164
51
136
72
84
176
123
87
161
94
207
106
186
49
206
122
196
113
127
60
130
179
217
106
71
149
48
150
215
61
81
220
116
122
174
75
48
180
71
212
131
65
147
185
186
79
220
173
63
182
93
75
65
68
180
162
128
47
95
195
120
96
79
147
138
197
213
64
58
158
149
206
106
125
189
187
184
177
99
117
218
171
88
219
59
117
103
69
217
181
88
183
72
179
51
63
197
101
102
213
92
202
149
77
178
130
111
127
97
176
185
100
144
75
178
90
94
121
107
112
144
96
82
142
174
136
172
197
138
63
94
163
62
164
153
200
48
177
207
46
141
116
199
128
54
170
211
132
114
134
206
107
79
205
139
203
185
215
186
145
89
60
109
120
45
166
115
62
188
92
214
105
217
119
101
57
158
52
151
140
149
72
69
122
68
156
153
88
191
186
198
136
182
58
57
164
219
79
50
104
165
172
53
118
142
185
104
169
187
215
144
108
121
65
123
179
100
190
171
107
60
168
157
98
183
205
178
82
207
127
96
70
139
47
59
104
217
48
59
210
195
51
58
94
203
71
166
199
80
157
135
84
107
209
113
220
145
212
78
75
178
132
90
88
46
95
65
152
71
70
52
111
199
90
194
195
145
178
141
218
192
143
58
173
101
70
127
87
167
178
144
79
96
204
128
203
123
63
102
202
91
107
152
156
210
115
61
113
131
85
187
58
95
155
220
112
216
62
83
203
50
150
206
82
70
78
131
145
214
199
51
89
197
63
48
52
123
59
81
69
140
151
47
94
53
209
100
75
189
123
156
178
98
66
135
59
112
73
145
207
68
56
94
104
180
184
70
185
154
186
167
84
58
156
82
136
93
66
140
87
79
152
82
109
118
138
192
214
189
184
182
158
143
96
141
76
197
107
83
162
154
217
172
65
203
140
78
149
144
126
202
48
164
60
63
2
3
4
5
6
7
8
9
10
11
3
4
5
6
7
8
9
10
11
4
5
6
7
8
9
10
11
5
6
7
8
9
10
11
6
7
8
9
10
11
7
8
9
10
11
8
9
10
11
9
10
11
10
11
11
13
14
15
16
17
18
19
20
21
22
14
15
16
17
18
19
20
21
22
15
16
17
18
19
20
21
22
16
17
18
19
20
21
22
17
18
19
20
21
22
18
19
20
21
22
19
20
21
22
20
21
22
21
22
22
24
25
26
27
28
29
30
31
32
33
25
26
27
28
29
30
31
32
33
26
27
28
29
30
31
32
33
27
28
29
30
31
32
33
28
29
30
31
32
33
29
30
31
32
33
30
31
32
33
31
32
33
32
33
33
35
36
37
38
39
40
41
42
43
44
36
37
38
39
40
41
42
43
44
37
38
39
40
41
42
43
44
38
39
40
41
42
43
44
39
40
41
42
43
44
40
41
42
43
44
41
42
43
44
42
43
44
43
44
44
46
47
48
49
50
51
52
53
54
55
47
48
49
50
51
52
53
54
55
48
49
50
51
52
53
54
55
49
50
51
52
53
54
55
50
51
52
53
54
55
51
52
53
54
55
52
53
54
55
53
54
55
54
55
55
57
58
59
60
61
62
63
64
65
66
58
59
60
61
62
63
64
65
66
59
60
61
62
63
64
65
66
60
61
62
63
64
65
66
61
62
63
64
65
66
62
63
64
65
66
63
64
65
66
64
65
66
65
66
66
68
69
70
71
72
73
74
75
76
77
69
70
71
72
73
74
75
76
77
70
71
72
73
74
75
76
77
71
72
73
74
75
76
77
72
73
74
75
76
77
73
74
75
76
77
74
75
76
77
75
76
77
76
77
77
79
80
81
82
83
84
85
86
87
88
80
81
82
83
84
85
86
87
88
81
82
83
84
85
86
87
88
82
83
84
85
86
87
88
83
84
85
86
87
88
84
85
86
87
88
85
86
87
88
86
87
88
87
88
88
90
91
92
93
94
95
96
97
98
99
91
92
93
94
95
96
97
98
99
92
93
94
95
96
97
98
99
93
94
95
96
97
98
99
94
95
96
97
98
99
95
96
97
98
99
96
97
98
99
97
98
99
98
99
99
101
102
103
104
105
106
107
108
109
110
102
103
104
105
106
107
108
109
110
103
104
105
106
107
108
109
110
104
105
106
107
108
109
110
105
106
107
108
109
110
106
107
108
109
110
107
108
109
110
108
109
110
109
110
110
112
113
114
115
116
117
118
119
120
121
113
114
115
116
117
118
119
120
121
114
115
116
117
118
119
120
121
115
116
117
118
119
120
121
116
117
118
119
120
121
117
118
119
120
121
118
119
120
121
119
120
121
120
121
121
123
124
125
126
127
128
129
130
131
132
124
125
126
127
128
129
130
131
132
125
126
127
128
129
130
131
132
126
127
128
129
130
131
132
127
128
129
130
131
132
128
129
130
131
132
129
130
131
132
130
131
132
131
132
132
134
135
136
137
138
139
140
141
142
143
135
136
137
138
139
140
141
142
143
136
137
138
139
140
141
142
143
137
138
139
140
141
142
143
138
139
140
141
142
143
139
140
141
142
143
140
141
142
143
141
142
143
142
143
143
145
146
147
148
149
150
151
152
153
154
146
147
148
149
150
151
152
153
154
147
148
149
150
151
152
153
154
148
149
150
151
152
153
154
149
150
151
152
153
154
150
151
152
153
154
151
152
153
154
152
153
154
153
154
154
156
157
158
159
160
161
162
163
164
165
157
158
159
160
161
162
163
164
165
158
159
160
161
162
163
164
165
159
160
161
162
163
164
165
160
161
162
163
164
165
161
162
163
164
165
162
163
164
165
163
164
165
164
165
165
167
168
169
170
171
172
173
174
175
176
168
169
170
171
172
173
174
175
176
169
170
171
172
173
174
175
176
170
171
172
173
174
175
176
171
172
173
174
175
176
172
173
174
175
176
173
174
175
176
174
175
176
175
176
176
178
179
180
181
182
183
184
185
186
187
179
180
181
182
183
184
185
186
187
180
181
182
183
184
185
186
187
181
182
183
184
185
186
187
182
183
184
185
186
187
183
184
185
186
187
184
185
186
187
185
186
187
186
187
187
189
190
191
192
193
194
195
196
197
198
190
191
192
193
194
195
196
197
198
191
192
193
194
195
196
197
198
192
193
194
195
196
197
198
193
194
195
196
197
198
194
195
196
197
198
195
196
197
198
196
197
198
197
198
198
200
201
202
203
204
205
206
207
208
209
201
202
203
204
205
206
207
208
209
202
203
204
205
206
207
208
209
203
204
205
206
207
208
209
204
205
206
207
208
209
205
206
207
208
209
206
207
208
209
207
208
209
208
209
209
211
212
213
214
215
216
217
218
219
220
212
213
214
215
216
217
218
219
220
213
214
215
216
217
218
219
220
214
215
216
217
218
219
220
215
216
217
218
219
220
216
217
218
219
220
217
218
219
220
218
219
220
219
220
220
