86
107
49
93
67
63
75
52
87
80
103
74
52
68
48
69
97
104
59
61
100
101
72
108
65
49
58
68
45
89
91
90
88
106
74
56
60
81
109
51
100
57
47
105
86
72
92
75
76
77
100
98
55
63
74
77
67
106
97
50
65
60
89
46
108
61
68
67
69
63
80
70
85
78
68
67
62
88
89
48
48
97
58
89
87
82
105
76
84
57
88
81
82
78
74
66
107
54
99
94
87
49
73
100
64
104
68
105
58
102
74
76
64
110
98
103
54
53
71
46
107
54
80
56
83
58
104
49
82
84
52
90
79
49
106
108
82
70
95
77
64
68
103
75
102
85
46
94
99
72
102
97
47
106
70
100
52
58
94
75
91
108
68
75
50
56
99
81
101
74
106
70
80
99
62
82
108
51
55
90
102
61
73
67
106
100
92
85
99
107
73
88
110
61
80
85
70
94
47
103
76
98
109
65
58
96
94
100
59
57
88
63
48
78
72
93
98
69
45
73
96
108
54
61
60
91
76
62
95
63
69
97
81
60
93
63
85
49
59
52
101
94
49
53
90
54
84
107
103
69
97
85
80
87
108
54
52
71
62
74
85
83
104
89
56
48
107
68
49
46
89
102
53
45
91
50
109
92
88
56
106
60
81
47
61
70
83
108
82
75
74
69
49
89
64
110
52
99
50
47
98
60
86
103
47
67
56
58
106
104
92
54
50
61
59
110
99
87
56
60
74
107
68
61
88
72
46
64
66
81
78
45
61
59
48
75
67
56
63
81
93
105
83
110
45
72
51
48
74
92
47
61
80
54
52
82
59
106
69
49
70
57
48
62
102
95
82
83
71
72
103
78
56
63
92
88
50
87
53
51
93
108
55
88
90
67
79
80
73
101
62
103
79
67
48
78
66
71
88
104
110
83
97
57
46
70
75
92
50
86
69
63
86
102
88
95
99
55
89
72
79
66
63
82
103
59
86
46
80
100
85
52
51
60
95
49
88
83
103
64
2
3
4
5
6
7
8
9
10
11
3
4
5
6
7
8
9
10
11
4
5
6
7
8
9
10
11
5
6
7
8
9
10
11
6
7
8
9
10
11
7
8
9
10
11
8
9
10
11
9
10
11
10
11
11
13
14
15
16
17
18
19
20
21
22
14
15
16
17
18
19
20
21
22
15
16
17
18
19
20
21
22
16
17
18
19
20
21
22
17
18
19
20
21
22
18
19
20
21
22
19
20
21
22
20
21
22
21
22
22
24
25
26
27
28
29
30
31
32
33
25
26
27
28
29
30
31
32
33
26
27
28
29
30
31
32
33
27
28
29
30
31
32
33
28
29
30
31
32
33
29
30
31
32
33
30
31
32
33
31
32
33
32
33
33
35
36
37
38
39
40
41
42
43
44
36
37
38
39
40
41
42
43
44
37
38
39
40
41
42
43
44
38
39
40
41
42
43
44
39
40
41
42
43
44
40
41
42
43
44
41
42
43
44
42
43
44
43
44
44
46
47
48
49
50
51
52
53
54
55
47
48
49
50
51
52
53
54
55
48
49
50
51
52
53
54
55
49
50
51
52
53
54
55
50
51
52
53
54
55
51
52
53
54
55
52
53
54
55
53
54
55
54
55
55
57
58
59
60
61
62
63
64
65
66
58
59
60
61
62
63
64
65
66
59
60
61
62
63
64
65
66
60
61
62
63
64
65
66
61
62
63
64
65
66
62
63
64
65
66
63
64
65
66
64
65
66
65
66
66
68
69
70
71
72
73
74
75
76
77
69
70
71
72
73
74
75
76
77
70
71
72
73
74
75
76
77
71
72
73
74
75
76
77
72
73
74
75
76
77
73
74
75
76
77
74
75
76
77
75
76
77
76
77
77
79
80
81
82
83
84
85
86
87
88
80
81
82
83
84
85
86
87
88
81
82
83
84
85
86
87
88
82
83
84
85
86
87
88
83
84
85
86
87
88
84
85
86
87
88
85
86
87
88
86
87
88
87
88
88
90
91
92
93
94
95
96
97
98
99
91
92
93
94
95
96
97
98
99
92
93
94
95
96
97
98
99
93
94
95
96
97
98
99
94
95
96
97
98
99
95
96
97
98
99
96
97
98
99
97
98
99
98
99
99
101
102
103
104
105
106
107
108
109
110
102
103
104
105
106
107
108
109
110
103
104
105
106
107
108
109
110
104
105
106
107
108
109
110
105
106
107
108
109
110
106
107
108
109
110
107
108
109
110
108
109
110
109
110
110
