464
543
454
372
134
409
359
100
323
696
382
584
703
391
675
694
47
698
706
588
781
454
494
116
399
725
691
506
68
534
814
158
354
92
324
783
153
736
300
535
160
502
286
48
102
252
246
644
209
752
850
518
433
712
446
635
365
379
311
677
662
822
624
698
457
724
705
626
347
284
558
175
309
479
200
860
556
462
275
345
377
322
253
62
784
360
778
700
121
286
232
779
228
76
689
775
223
173
712
857
496
165
396
611
61
257
863
264
214
404
701
797
401
309
170
461
304
325
106
147
751
713
362
534
736
480
617
826
227
627
178
569
680
74
511
550
500
701
538
824
798
459
877
612
467
538
57
125
187
764
442
648
328
653
361
197
818
724
64
564
717
807
230
91
148
404
82
286
255
373
588
781
493
172
498
341
409
195
174
211
871
372
789
563
735
261
754
82
457
215
426
406
111
110
281
124
494
413
171
140
262
589
313
138
236
378
805
716
534
611
335
775
749
604
777
174
679
195
230
305
749
135
151
781
539
48
666
86
706
246
829
442
727
179
523
559
739
125
774
651
468
180
706
844
619
818
704
295
174
441
61
720
568
800
706
286
673
175
517
276
237
704
614
652
461
133
777
52
714
470
507
421
210
110
118
493
102
141
468
812
331
442
339
170
594
673
274
625
446
548
430
267
746
781
696
659
570
741
49
417
227
121
68
489
801
110
89
586
573
534
346
686
795
771
717
135
713
188
91
390
667
118
543
340
256
95
673
800
709
773
647
511
787
339
601
804
350
729
346
654
91
855
480
201
549
415
382
732
661
822
826
131
153
593
281
781
289
523
261
310
607
596
745
685
358
372
814
819
841
521
625
151
582
552
112
173
304
837
873
637
423
54
94
209
572
388
716
116
86
183
510
845
495
731
839
422
532
91
193
803
725
644
236
762
529
540
734
717
398
724
363
457
96
261
60
202
612
683
847
389
432
858
77
253
828
566
280
73
790
713
75
375
168
743
442
360
523
235
317
629
2
3
4
5
6
7
8
9
10
11
3
4
5
6
7
8
9
10
11
4
5
6
7
8
9
10
11
5
6
7
8
9
10
11
6
7
8
9
10
11
7
8
9
10
11
8
9
10
11
9
10
11
10
11
11
13
14
15
16
17
18
19
20
21
22
14
15
16
17
18
19
20
21
22
15
16
17
18
19
20
21
22
16
17
18
19
20
21
22
17
18
19
20
21
22
18
19
20
21
22
19
20
21
22
20
21
22
21
22
22
24
25
26
27
28
29
30
31
32
33
25
26
27
28
29
30
31
32
33
26
27
28
29
30
31
32
33
27
28
29
30
31
32
33
28
29
30
31
32
33
29
30
31
32
33
30
31
32
33
31
32
33
32
33
33
35
36
37
38
39
40
41
42
43
44
36
37
38
39
40
41
42
43
44
37
38
39
40
41
42
43
44
38
39
40
41
42
43
44
39
40
41
42
43
44
40
41
42
43
44
41
42
43
44
42
43
44
43
44
44
46
47
48
49
50
51
52
53
54
55
47
48
49
50
51
52
53
54
55
48
49
50
51
52
53
54
55
49
50
51
52
53
54
55
50
51
52
53
54
55
51
52
53
54
55
52
53
54
55
53
54
55
54
55
55
57
58
59
60
61
62
63
64
65
66
58
59
60
61
62
63
64
65
66
59
60
61
62
63
64
65
66
60
61
62
63
64
65
66
61
62
63
64
65
66
62
63
64
65
66
63
64
65
66
64
65
66
65
66
66
68
69
70
71
72
73
74
75
76
77
69
70
71
72
73
74
75
76
77
70
71
72
73
74
75
76
77
71
72
73
74
75
76
77
72
73
74
75
76
77
73
74
75
76
77
74
75
76
77
75
76
77
76
77
77
79
80
81
82
83
84
85
86
87
88
80
81
82
83
84
85
86
87
88
81
82
83
84
85
86
87
88
82
83
84
85
86
87
88
83
84
85
86
87
88
84
85
86
87
88
85
86
87
88
86
87
88
87
88
88
90
91
92
93
94
95
96
97
98
99
91
92
93
94
95
96
97
98
99
92
93
94
95
96
97
98
99
93
94
95
96
97
98
99
94
95
96
97
98
99
95
96
97
98
99
96
97
98
99
97
98
99
98
99
99
101
102
103
104
105
106
107
108
109
110
102
103
104
105
106
107
108
109
110
103
104
105
106
107
108
109
110
104
105
106
107
108
109
110
105
106
107
108
109
110
106
107
108
109
110
107
108
109
110
108
109
110
109
110
110
112
113
114
115
116
117
118
119
120
121
113
114
115
116
117
118
119
120
121
114
115
116
117
118
119
120
121
115
116
117
118
119
120
121
116
117
118
119
120
121
117
118
119
120
121
118
119
120
121
119
120
121
120
121
121
123
124
125
126
127
128
129
130
131
132
124
125
126
127
128
129
130
131
132
125
126
127
128
129
130
131
132
126
127
128
129
130
131
132
127
128
129
130
131
132
128
129
130
131
132
129
130
131
132
130
131
132
131
132
132
134
135
136
137
138
139
140
141
142
143
135
136
137
138
139
140
141
142
143
136
137
138
139
140
141
142
143
137
138
139
140
141
142
143
138
139
140
141
142
143
139
140
141
142
143
140
141
142
143
141
142
143
142
143
143
145
146
147
148
149
150
151
152
153
154
146
147
148
149
150
151
152
153
154
147
148
149
150
151
152
153
154
148
149
150
151
152
153
154
149
150
151
152
153
154
150
151
152
153
154
151
152
153
154
152
153
154
153
154
154
156
157
158
159
160
161
162
163
164
165
157
158
159
160
161
162
163
164
165
158
159
160
161
162
163
164
165
159
160
161
162
163
164
165
160
161
162
163
164
165
161
162
163
164
165
162
163
164
165
163
164
165
164
165
165
167
168
169
170
171
172
173
174
175
176
168
169
170
171
172
173
174
175
176
169
170
171
172
173
174
175
176
170
171
172
173
174
175
176
171
172
173
174
175
176
172
173
174
175
176
173
174
175
176
174
175
176
175
176
176
178
179
180
181
182
183
184
185
186
187
179
180
181
182
183
184
185
186
187
180
181
182
183
184
185
186
187
181
182
183
184
185
186
187
182
183
184
185
186
187
183
184
185
186
187
184
185
186
187
185
186
187
186
187
187
189
190
191
192
193
194
195
196
197
198
190
191
192
193
194
195
196
197
198
191
192
193
194
195
196
197
198
192
193
194
195
196
197
198
193
194
195
196
197
198
194
195
196
197
198
195
196
197
198
196
197
198
197
198
198
200
201
202
203
204
205
206
207
208
209
201
202
203
204
205
206
207
208
209
202
203
204
205
206
207
208
209
203
204
205
206
207
208
209
204
205
206
207
208
209
205
206
207
208
209
206
207
208
209
207
208
209
208
209
209
211
212
213
214
215
216
217
218
219
220
212
213
214
215
216
217
218
219
220
213
214
215
216
217
218
219
220
214
215
216
217
218
219
220
215
216
217
218
219
220
216
217
218
219
220
217
218
219
220
218
219
220
219
220
220
222
223
224
225
226
227
228
229
230
231
223
224
225
226
227
228
229
230
231
224
225
226
227
228
229
230
231
225
226
227
228
229
230
231
226
227
228
229
230
231
227
228
229
230
231
228
229
230
231
229
230
231
230
231
231
233
234
235
236
237
238
239
240
241
242
234
235
236
237
238
239
240
241
242
235
236
237
238
239
240
241
242
236
237
238
239
240
241
242
237
238
239
240
241
242
238
239
240
241
242
239
240
241
242
240
241
242
241
242
242
244
245
246
247
248
249
250
251
252
253
245
246
247
248
249
250
251
252
253
246
247
248
249
250
251
252
253
247
248
249
250
251
252
253
248
249
250
251
252
253
249
250
251
252
253
250
251
252
253
251
252
253
252
253
253
255
256
257
258
259
260
261
262
263
264
256
257
258
259
260
261
262
263
264
257
258
259
260
261
262
263
264
258
259
260
261
262
263
264
259
260
261
262
263
264
260
261
262
263
264
261
262
263
264
262
263
264
263
264
264
266
267
268
269
270
271
272
273
274
275
267
268
269
270
271
272
273
274
275
268
269
270
271
272
273
274
275
269
270
271
272
273
274
275
270
271
272
273
274
275
271
272
273
274
275
272
273
274
275
273
274
275
274
275
275
277
278
279
280
281
282
283
284
285
286
278
279
280
281
282
283
284
285
286
279
280
281
282
283
284
285
286
280
281
282
283
284
285
286
281
282
283
284
285
286
282
283
284
285
286
283
284
285
286
284
285
286
285
286
286
288
289
290
291
292
293
294
295
296
297
289
290
291
292
293
294
295
296
297
290
291
292
293
294
295
296
297
291
292
293
294
295
296
297
292
293
294
295
296
297
293
294
295
296
297
294
295
296
297
295
296
297
296
297
297
299
300
301
302
303
304
305
306
307
308
300
301
302
303
304
305
306
307
308
301
302
303
304
305
306
307
308
302
303
304
305
306
307
308
303
304
305
306
307
308
304
305
306
307
308
305
306
307
308
306
307
308
307
308
308
310
311
312
313
314
315
316
317
318
319
311
312
313
314
315
316
317
318
319
312
313
314
315
316
317
318
319
313
314
315
316
317
318
319
314
315
316
317
318
319
315
316
317
318
319
316
317
318
319
317
318
319
318
319
319
321
322
323
324
325
326
327
328
329
330
322
323
324
325
326
327
328
329
330
323
324
325
326
327
328
329
330
324
325
326
327
328
329
330
325
326
327
328
329
330
326
327
328
329
330
327
328
329
330
328
329
330
329
330
330
332
333
334
335
336
337
338
339
340
341
333
334
335
336
337
338
339
340
341
334
335
336
337
338
339
340
341
335
336
337
338
339
340
341
336
337
338
339
340
341
337
338
339
340
341
338
339
340
341
339
340
341
340
341
341
343
344
345
346
347
348
349
350
351
352
344
345
346
347
348
349
350
351
352
345
346
347
348
349
350
351
352
346
347
348
349
350
351
352
347
348
349
350
351
352
348
349
350
351
352
349
350
351
352
350
351
352
351
352
352
354
355
356
357
358
359
360
361
362
363
355
356
357
358
359
360
361
362
363
356
357
358
359
360
361
362
363
357
358
359
360
361
362
363
358
359
360
361
362
363
359
360
361
362
363
360
361
362
363
361
362
363
362
363
363
365
366
367
368
369
370
371
372
373
374
366
367
368
369
370
371
372
373
374
367
368
369
370
371
372
373
374
368
369
370
371
372
373
374
369
370
371
372
373
374
370
371
372
373
374
371
372
373
374
372
373
374
373
374
374
376
377
378
379
380
381
382
383
384
385
377
378
379
380
381
382
383
384
385
378
379
380
381
382
383
384
385
379
380
381
382
383
384
385
380
381
382
383
384
385
381
382
383
384
385
382
383
384
385
383
384
385
384
385
385
387
388
389
390
391
392
393
394
395
396
388
389
390
391
392
393
394
395
396
389
390
391
392
393
394
395
396
390
391
392
393
394
395
396
391
392
393
394
395
396
392
393
394
395
396
393
394
395
396
394
395
396
395
396
396
398
399
400
401
402
403
404
405
406
407
399
400
401
402
403
404
405
406
407
400
401
402
403
404
405
406
407
401
402
403
404
405
406
407
402
403
404
405
406
407
403
404
405
406
407
404
405
406
407
405
406
407
406
407
407
409
410
411
412
413
414
415
416
417
418
410
411
412
413
414
415
416
417
418
411
412
413
414
415
416
417
418
412
413
414
415
416
417
418
413
414
415
416
417
418
414
415
416
417
418
415
416
417
418
416
417
418
417
418
418
420
421
422
423
424
425
426
427
428
429
421
422
423
424
425
426
427
428
429
422
423
424
425
426
427
428
429
423
424
425
426
427
428
429
424
425
426
427
428
429
425
426
427
428
429
426
427
428
429
427
428
429
428
429
429
431
432
433
434
435
436
437
438
439
440
432
433
434
435
436
437
438
439
440
433
434
435
436
437
438
439
440
434
435
436
437
438
439
440
435
436
437
438
439
440
436
437
438
439
440
437
438
439
440
438
439
440
439
440
440
442
443
444
445
446
447
448
449
450
451
443
444
445
446
447
448
449
450
451
444
445
446
447
448
449
450
451
445
446
447
448
449
450
451
446
447
448
449
450
451
447
448
449
450
451
448
449
450
451
449
450
451
450
451
451
453
454
455
456
457
458
459
460
461
462
454
455
456
457
458
459
460
461
462
455
456
457
458
459
460
461
462
456
457
458
459
460
461
462
457
458
459
460
461
462
458
459
460
461
462
459
460
461
462
460
461
462
461
462
462
464
465
466
467
468
469
470
471
472
473
465
466
467
468
469
470
471
472
473
466
467
468
469
470
471
472
473
467
468
469
470
471
472
473
468
469
470
471
472
473
469
470
471
472
473
470
471
472
473
471
472
473
472
473
473
475
476
477
478
479
480
481
482
483
484
476
477
478
479
480
481
482
483
484
477
478
479
480
481
482
483
484
478
479
480
481
482
483
484
479
480
481
482
483
484
480
481
482
483
484
481
482
483
484
482
483
484
483
484
484
486
487
488
489
490
491
492
493
494
495
487
488
489
490
491
492
493
494
495
488
489
490
491
492
493
494
495
489
490
491
492
493
494
495
490
491
492
493
494
495
491
492
493
494
495
492
493
494
495
493
494
495
494
495
495
497
498
499
500
501
502
503
504
505
506
498
499
500
501
502
503
504
505
506
499
500
501
502
503
504
505
506
500
501
502
503
504
505
506
501
502
503
504
505
506
502
503
504
505
506
503
504
505
506
504
505
506
505
506
506
508
509
510
511
512
513
514
515
516
517
509
510
511
512
513
514
515
516
517
510
511
512
513
514
515
516
517
511
512
513
514
515
516
517
512
513
514
515
516
517
513
514
515
516
517
514
515
516
517
515
516
517
516
517
517
519
520
521
522
523
524
525
526
527
528
520
521
522
523
524
525
526
527
528
521
522
523
524
525
526
527
528
522
523
524
525
526
527
528
523
524
525
526
527
528
524
525
526
527
528
525
526
527
528
526
527
528
527
528
528
530
531
532
533
534
535
536
537
538
539
531
532
533
534
535
536
537
538
539
532
533
534
535
536
537
538
539
533
534
535
536
537
538
539
534
535
536
537
538
539
535
536
537
538
539
536
537
538
539
537
538
539
538
539
539
541
542
543
544
545
546
547
548
549
550
542
543
544
545
546
547
548
549
550
543
544
545
546
547
548
549
550
544
545
546
547
548
549
550
545
546
547
548
549
550
546
547
548
549
550
547
548
549
550
548
549
550
549
550
550
552
553
554
555
556
557
558
559
560
561
553
554
555
556
557
558
559
560
561
554
555
556
557
558
559
560
561
555
556
557
558
559
560
561
556
557
558
559
560
561
557
558
559
560
561
558
559
560
561
559
560
561
560
561
561
563
564
565
566
567
568
569
570
571
572
564
565
566
567
568
569
570
571
572
565
566
567
568
569
570
571
572
566
567
568
569
570
571
572
567
568
569
570
571
572
568
569
570
571
572
569
570
571
572
570
571
572
571
572
572
574
575
576
577
578
579
580
581
582
583
575
576
577
578
579
580
581
582
583
576
577
578
579
580
581
582
583
577
578
579
580
581
582
583
578
579
580
581
582
583
579
580
581
582
583
580
581
582
583
581
582
583
582
583
583
585
586
587
588
589
590
591
592
593
594
586
587
588
589
590
591
592
593
594
587
588
589
590
591
592
593
594
588
589
590
591
592
593
594
589
590
591
592
593
594
590
591
592
593
594
591
592
593
594
592
593
594
593
594
594
596
597
598
599
600
601
602
603
604
605
597
598
599
600
601
602
603
604
605
598
599
600
601
602
603
604
605
599
600
601
602
603
604
605
600
601
602
603
604
605
601
602
603
604
605
602
603
604
605
603
604
605
604
605
605
607
608
609
610
611
612
613
614
615
616
608
609
610
611
612
613
614
615
616
609
610
611
612
613
614
615
616
610
611
612
613
614
615
616
611
612
613
614
615
616
612
613
614
615
616
613
614
615
616
614
615
616
615
616
616
618
619
620
621
622
623
624
625
626
627
619
620
621
622
623
624
625
626
627
620
621
622
623
624
625
626
627
621
622
623
624
625
626
627
622
623
624
625
626
627
623
624
625
626
627
624
625
626
627
625
626
627
626
627
627
629
630
631
632
633
634
635
636
637
638
630
631
632
633
634
635
636
637
638
631
632
633
634
635
636
637
638
632
633
634
635
636
637
638
633
634
635
636
637
638
634
635
636
637
638
635
636
637
638
636
637
638
637
638
638
640
641
642
643
644
645
646
647
648
649
641
642
643
644
645
646
647
648
649
642
643
644
645
646
647
648
649
643
644
645
646
647
648
649
644
645
646
647
648
649
645
646
647
648
649
646
647
648
649
647
648
649
648
649
649
651
652
653
654
655
656
657
658
659
660
652
653
654
655
656
657
658
659
660
653
654
655
656
657
658
659
660
654
655
656
657
658
659
660
655
656
657
658
659
660
656
657
658
659
660
657
658
659
660
658
659
660
659
660
660
662
663
664
665
666
667
668
669
670
671
663
664
665
666
667
668
669
670
671
664
665
666
667
668
669
670
671
665
666
667
668
669
670
671
666
667
668
669
670
671
667
668
669
670
671
668
669
670
671
669
670
671
670
671
671
673
674
675
676
677
678
679
680
681
682
674
675
676
677
678
679
680
681
682
675
676
677
678
679
680
681
682
676
677
678
679
680
681
682
677
678
679
680
681
682
678
679
680
681
682
679
680
681
682
680
681
682
681
682
682
684
685
686
687
688
689
690
691
692
693
685
686
687
688
689
690
691
692
693
686
687
688
689
690
691
692
693
687
688
689
690
691
692
693
688
689
690
691
692
693
689
690
691
692
693
690
691
692
693
691
692
693
692
693
693
695
696
697
698
699
700
701
702
703
704
696
697
698
699
700
701
702
703
704
697
698
699
700
701
702
703
704
698
699
700
701
702
703
704
699
700
701
702
703
704
700
701
702
703
704
701
702
703
704
702
703
704
703
704
704
706
707
708
709
710
711
712
713
714
715
707
708
709
710
711
712
713
714
715
708
709
710
711
712
713
714
715
709
710
711
712
713
714
715
710
711
712
713
714
715
711
712
713
714
715
712
713
714
715
713
714
715
714
715
715
717
718
719
720
721
722
723
724
725
726
718
719
720
721
722
723
724
725
726
719
720
721
722
723
724
725
726
720
721
722
723
724
725
726
721
722
723
724
725
726
722
723
724
725
726
723
724
725
726
724
725
726
725
726
726
728
729
730
731
732
733
734
735
736
737
729
730
731
732
733
734
735
736
737
730
731
732
733
734
735
736
737
731
732
733
734
735
736
737
732
733
734
735
736
737
733
734
735
736
737
734
735
736
737
735
736
737
736
737
737
739
740
741
742
743
744
745
746
747
748
740
741
742
743
744
745
746
747
748
741
742
743
744
745
746
747
748
742
743
744
745
746
747
748
743
744
745
746
747
748
744
745
746
747
748
745
746
747
748
746
747
748
747
748
748
750
751
752
753
754
755
756
757
758
759
751
752
753
754
755
756
757
758
759
752
753
754
755
756
757
758
759
753
754
755
756
757
758
759
754
755
756
757
758
759
755
756
757
758
759
756
757
758
759
757
758
759
758
759
759
761
762
763
764
765
766
767
768
769
770
762
763
764
765
766
767
768
769
770
763
764
765
766
767
768
769
770
764
765
766
767
768
769
770
765
766
767
768
769
770
766
767
768
769
770
767
768
769
770
768
769
770
769
770
770
772
773
774
775
776
777
778
779
780
781
773
774
775
776
777
778
779
780
781
774
775
776
777
778
779
780
781
775
776
777
778
779
780
781
776
777
778
779
780
781
777
778
779
780
781
778
779
780
781
779
780
781
780
781
781
783
784
785
786
787
788
789
790
791
792
784
785
786
787
788
789
790
791
792
785
786
787
788
789
790
791
792
786
787
788
789
790
791
792
787
788
789
790
791
792
788
789
790
791
792
789
790
791
792
790
791
792
791
792
792
794
795
796
797
798
799
800
801
802
803
795
796
797
798
799
800
801
802
803
796
797
798
799
800
801
802
803
797
798
799
800
801
802
803
798
799
800
801
802
803
799
800
801
802
803
800
801
802
803
801
802
803
802
803
803
805
806
807
808
809
810
811
812
813
814
806
807
808
809
810
811
812
813
814
807
808
809
810
811
812
813
814
808
809
810
811
812
813
814
809
810
811
812
813
814
810
811
812
813
814
811
812
813
814
812
813
814
813
814
814
816
817
818
819
820
821
822
823
824
825
817
818
819
820
821
822
823
824
825
818
819
820
821
822
823
824
825
819
820
821
822
823
824
825
820
821
822
823
824
825
821
822
823
824
825
822
823
824
825
823
824
825
824
825
825
827
828
829
830
831
832
833
834
835
836
828
829
830
831
832
833
834
835
836
829
830
831
832
833
834
835
836
830
831
832
833
834
835
836
831
832
833
834
835
836
832
833
834
835
836
833
834
835
836
834
835
836
835
836
836
838
839
840
841
842
843
844
845
846
847
839
840
841
842
843
844
845
846
847
840
841
842
843
844
845
846
847
841
842
843
844
845
846
847
842
843
844
845
846
847
843
844
845
846
847
844
845
846
847
845
846
847
846
847
847
849
850
851
852
853
854
855
856
857
858
850
851
852
853
854
855
856
857
858
851
852
853
854
855
856
857
858
852
853
854
855
856
857
858
853
854
855
856
857
858
854
855
856
857
858
855
856
857
858
856
857
858
857
858
858
860
861
862
863
864
865
866
867
868
869
861
862
863
864
865
866
867
868
869
862
863
864
865
866
867
868
869
863
864
865
866
867
868
869
864
865
866
867
868
869
865
866
867
868
869
866
867
868
869
867
868
869
868
869
869
871
872
873
874
875
876
877
878
879
880
872
873
874
875
876
877
878
879
880
873
874
875
876
877
878
879
880
874
875
876
877
878
879
880
875
876
877
878
879
880
876
877
878
879
880
877
878
879
880
878
879
880
879
880
880
