230
1291
2560
2890
2779
1409
862
1457
1735
1306
1780
533
1182
2683
1623
1799
822
83
2278
1025
1644
3021
756
1609
891
1623
1485
3214
2407
1410
1609
1949
500
503
1255
1056
1039
2201
1459
1786
1127
698
3164
1655
3122
2936
3262
1450
2095
3173
245
221
2412
753
2225
1609
745
2452
2523
931
1146
1289
2601
1417
2146
561
115
2383
440
651
494
1453
2454
1510
1698
1100
938
2189
2099
996
2529
872
368
659
2671
1785
3219
1544
3178
2500
984
1736
2782
542
190
381
3245
577
83
1243
2452
498
1103
2147
640
2460
904
2064
3081
1210
1502
2831
3259
255
1349
1698
1558
1334
933
1942
1909
500
785
3133
841
975
2770
1469
161
2662
2387
2604
2233
383
1828
308
1212
518
1823
91
1888
730
529
1832
670
99
2241
2999
2267
2904
3124
707
835
2203
1911
1784
1647
1835
932
1702
3182
3168
1628
2905
816
776
1922
994
1143
2873
2983
2528
903
843
3123
1530
2786
1539
2962
488
1489
2529
1968
1383
1522
994
1934
3184
3261
1302
3296
160
1009
795
1144
429
2317
872
842
517
131
2391
328
890
2197
2521
552
292
403
782
3230
1272
2820
2608
2937
1413
364
357
353
1712
2720
1164
1113
142
1933
219
382
3060
3041
1647
2575
279
2258
956
3163
1695
1087
2838
2124
2368
869
3173
547
1481
1575
2009
1322
2075
1000
2380
2454
2583
614
2116
2347
1516
1100
2393
2507
234
2112
1066
1956
2069
761
2026
1588
2973
750
1163
1112
2167
1515
2581
1294
1521
374
396
1919
768
1418
3251
2345
3291
1050
2472
388
519
1056
3134
1377
1002
1819
2656
2187
1759
2497
1690
1376
2723
108
443
2108
3010
2947
1060
2647
3152
3269
1047
2523
3191
2066
290
1124
145
1609
1517
1092
2442
698
1838
1143
2508
2263
1708
2166
451
479
1851
473
1006
2095
2061
189
2148
2401
476
1326
901
3249
70
2560
2873
2657
171
1945
1834
2418
1234
3105
74
1736
1011
2418
3160
2740
69
1018
1949
3122
2924
526
2680
825
2701
991
2976
1653
1104
1499
128
2101
317
1324
2992
74
2773
1041
1505
1127
2010
1024
2583
1721
103
2356
1616
2490
2803
613
2752
1045
722
1126
2030
2010
2870
1003
1123
1246
458
267
543
2674
2426
2127
1519
88
1691
2765
2661
602
2028
1853
3131
891
936
1392
394
166
585
1734
3295
293
2305
2802
2133
2671
54
619
2007
604
2134
939
1799
357
2719
521
2303
2
3
4
5
6
7
8
9
10
11
3
4
5
6
7
8
9
10
11
4
5
6
7
8
9
10
11
5
6
7
8
9
10
11
6
7
8
9
10
11
7
8
9
10
11
8
9
10
11
9
10
11
10
11
11
13
14
15
16
17
18
19
20
21
22
14
15
16
17
18
19
20
21
22
15
16
17
18
19
20
21
22
16
17
18
19
20
21
22
17
18
19
20
21
22
18
19
20
21
22
19
20
21
22
20
21
22
21
22
22
24
25
26
27
28
29
30
31
32
33
25
26
27
28
29
30
31
32
33
26
27
28
29
30
31
32
33
27
28
29
30
31
32
33
28
29
30
31
32
33
29
30
31
32
33
30
31
32
33
31
32
33
32
33
33
35
36
37
38
39
40
41
42
43
44
36
37
38
39
40
41
42
43
44
37
38
39
40
41
42
43
44
38
39
40
41
42
43
44
39
40
41
42
43
44
40
41
42
43
44
41
42
43
44
42
43
44
43
44
44
46
47
48
49
50
51
52
53
54
55
47
48
49
50
51
52
53
54
55
48
49
50
51
52
53
54
55
49
50
51
52
53
54
55
50
51
52
53
54
55
51
52
53
54
55
52
53
54
55
53
54
55
54
55
55
57
58
59
60
61
62
63
64
65
66
58
59
60
61
62
63
64
65
66
59
60
61
62
63
64
65
66
60
61
62
63
64
65
66
61
62
63
64
65
66
62
63
64
65
66
63
64
65
66
64
65
66
65
66
66
68
69
70
71
72
73
74
75
76
77
69
70
71
72
73
74
75
76
77
70
71
72
73
74
75
76
77
71
72
73
74
75
76
77
72
73
74
75
76
77
73
74
75
76
77
74
75
76
77
75
76
77
76
77
77
79
80
81
82
83
84
85
86
87
88
80
81
82
83
84
85
86
87
88
81
82
83
84
85
86
87
88
82
83
84
85
86
87
88
83
84
85
86
87
88
84
85
86
87
88
85
86
87
88
86
87
88
87
88
88
90
91
92
93
94
95
96
97
98
99
91
92
93
94
95
96
97
98
99
92
93
94
95
96
97
98
99
93
94
95
96
97
98
99
94
95
96
97
98
99
95
96
97
98
99
96
97
98
99
97
98
99
98
99
99
101
102
103
104
105
106
107
108
109
110
102
103
104
105
106
107
108
109
110
103
104
105
106
107
108
109
110
104
105
106
107
108
109
110
105
106
107
108
109
110
106
107
108
109
110
107
108
109
110
108
109
110
109
110
110
112
113
114
115
116
117
118
119
120
121
113
114
115
116
117
118
119
120
121
114
115
116
117
118
119
120
121
115
116
117
118
119
120
121
116
117
118
119
120
121
117
118
119
120
121
118
119
120
121
119
120
121
120
121
121
123
124
125
126
127
128
129
130
131
132
124
125
126
127
128
129
130
131
132
125
126
127
128
129
130
131
132
126
127
128
129
130
131
132
127
128
129
130
131
132
128
129
130
131
132
129
130
131
132
130
131
132
131
132
132
134
135
136
137
138
139
140
141
142
143
135
136
137
138
139
140
141
142
143
136
137
138
139
140
141
142
143
137
138
139
140
141
142
143
138
139
140
141
142
143
139
140
141
142
143
140
141
142
143
141
142
143
142
143
143
145
146
147
148
149
150
151
152
153
154
146
147
148
149
150
151
152
153
154
147
148
149
150
151
152
153
154
148
149
150
151
152
153
154
149
150
151
152
153
154
150
151
152
153
154
151
152
153
154
152
153
154
153
154
154
156
157
158
159
160
161
162
163
164
165
157
158
159
160
161
162
163
164
165
158
159
160
161
162
163
164
165
159
160
161
162
163
164
165
160
161
162
163
164
165
161
162
163
164
165
162
163
164
165
163
164
165
164
165
165
167
168
169
170
171
172
173
174
175
176
168
169
170
171
172
173
174
175
176
169
170
171
172
173
174
175
176
170
171
172
173
174
175
176
171
172
173
174
175
176
172
173
174
175
176
173
174
175
176
174
175
176
175
176
176
178
179
180
181
182
183
184
185
186
187
179
180
181
182
183
184
185
186
187
180
181
182
183
184
185
186
187
181
182
183
184
185
186
187
182
183
184
185
186
187
183
184
185
186
187
184
185
186
187
185
186
187
186
187
187
189
190
191
192
193
194
195
196
197
198
190
191
192
193
194
195
196
197
198
191
192
193
194
195
196
197
198
192
193
194
195
196
197
198
193
194
195
196
197
198
194
195
196
197
198
195
196
197
198
196
197
198
197
198
198
200
201
202
203
204
205
206
207
208
209
201
202
203
204
205
206
207
208
209
202
203
204
205
206
207
208
209
203
204
205
206
207
208
209
204
205
206
207
208
209
205
206
207
208
209
206
207
208
209
207
208
209
208
209
209
211
212
213
214
215
216
217
218
219
220
212
213
214
215
216
217
218
219
220
213
214
215
216
217
218
219
220
214
215
216
217
218
219
220
215
216
217
218
219
220
216
217
218
219
220
217
218
219
220
218
219
220
219
220
220
222
223
224
225
226
227
228
229
230
231
223
224
225
226
227
228
229
230
231
224
225
226
227
228
229
230
231
225
226
227
228
229
230
231
226
227
228
229
230
231
227
228
229
230
231
228
229
230
231
229
230
231
230
231
231
233
234
235
236
237
238
239
240
241
242
234
235
236
237
238
239
240
241
242
235
236
237
238
239
240
241
242
236
237
238
239
240
241
242
237
238
239
240
241
242
238
239
240
241
242
239
240
241
242
240
241
242
241
242
242
244
245
246
247
248
249
250
251
252
253
245
246
247
248
249
250
251
252
253
246
247
248
249
250
251
252
253
247
248
249
250
251
252
253
248
249
250
251
252
253
249
250
251
252
253
250
251
252
253
251
252
253
252
253
253
255
256
257
258
259
260
261
262
263
264
256
257
258
259
260
261
262
263
264
257
258
259
260
261
262
263
264
258
259
260
261
262
263
264
259
260
261
262
263
264
260
261
262
263
264
261
262
263
264
262
263
264
263
264
264
266
267
268
269
270
271
272
273
274
275
267
268
269
270
271
272
273
274
275
268
269
270
271
272
273
274
275
269
270
271
272
273
274
275
270
271
272
273
274
275
271
272
273
274
275
272
273
274
275
273
274
275
274
275
275
277
278
279
280
281
282
283
284
285
286
278
279
280
281
282
283
284
285
286
279
280
281
282
283
284
285
286
280
281
282
283
284
285
286
281
282
283
284
285
286
282
283
284
285
286
283
284
285
286
284
285
286
285
286
286
288
289
290
291
292
293
294
295
296
297
289
290
291
292
293
294
295
296
297
290
291
292
293
294
295
296
297
291
292
293
294
295
296
297
292
293
294
295
296
297
293
294
295
296
297
294
295
296
297
295
296
297
296
297
297
299
300
301
302
303
304
305
306
307
308
300
301
302
303
304
305
306
307
308
301
302
303
304
305
306
307
308
302
303
304
305
306
307
308
303
304
305
306
307
308
304
305
306
307
308
305
306
307
308
306
307
308
307
308
308
310
311
312
313
314
315
316
317
318
319
311
312
313
314
315
316
317
318
319
312
313
314
315
316
317
318
319
313
314
315
316
317
318
319
314
315
316
317
318
319
315
316
317
318
319
316
317
318
319
317
318
319
318
319
319
321
322
323
324
325
326
327
328
329
330
322
323
324
325
326
327
328
329
330
323
324
325
326
327
328
329
330
324
325
326
327
328
329
330
325
326
327
328
329
330
326
327
328
329
330
327
328
329
330
328
329
330
329
330
330
332
333
334
335
336
337
338
339
340
341
333
334
335
336
337
338
339
340
341
334
335
336
337
338
339
340
341
335
336
337
338
339
340
341
336
337
338
339
340
341
337
338
339
340
341
338
339
340
341
339
340
341
340
341
341
343
344
345
346
347
348
349
350
351
352
344
345
346
347
348
349
350
351
352
345
346
347
348
349
350
351
352
346
347
348
349
350
351
352
347
348
349
350
351
352
348
349
350
351
352
349
350
351
352
350
351
352
351
352
352
354
355
356
357
358
359
360
361
362
363
355
356
357
358
359
360
361
362
363
356
357
358
359
360
361
362
363
357
358
359
360
361
362
363
358
359
360
361
362
363
359
360
361
362
363
360
361
362
363
361
362
363
362
363
363
365
366
367
368
369
370
371
372
373
374
366
367
368
369
370
371
372
373
374
367
368
369
370
371
372
373
374
368
369
370
371
372
373
374
369
370
371
372
373
374
370
371
372
373
374
371
372
373
374
372
373
374
373
374
374
376
377
378
379
380
381
382
383
384
385
377
378
379
380
381
382
383
384
385
378
379
380
381
382
383
384
385
379
380
381
382
383
384
385
380
381
382
383
384
385
381
382
383
384
385
382
383
384
385
383
384
385
384
385
385
387
388
389
390
391
392
393
394
395
396
388
389
390
391
392
393
394
395
396
389
390
391
392
393
394
395
396
390
391
392
393
394
395
396
391
392
393
394
395
396
392
393
394
395
396
393
394
395
396
394
395
396
395
396
396
398
399
400
401
402
403
404
405
406
407
399
400
401
402
403
404
405
406
407
400
401
402
403
404
405
406
407
401
402
403
404
405
406
407
402
403
404
405
406
407
403
404
405
406
407
404
405
406
407
405
406
407
406
407
407
409
410
411
412
413
414
415
416
417
418
410
411
412
413
414
415
416
417
418
411
412
413
414
415
416
417
418
412
413
414
415
416
417
418
413
414
415
416
417
418
414
415
416
417
418
415
416
417
418
416
417
418
417
418
418
420
421
422
423
424
425
426
427
428
429
421
422
423
424
425
426
427
428
429
422
423
424
425
426
427
428
429
423
424
425
426
427
428
429
424
425
426
427
428
429
425
426
427
428
429
426
427
428
429
427
428
429
428
429
429
431
432
433
434
435
436
437
438
439
440
432
433
434
435
436
437
438
439
440
433
434
435
436
437
438
439
440
434
435
436
437
438
439
440
435
436
437
438
439
440
436
437
438
439
440
437
438
439
440
438
439
440
439
440
440
442
443
444
445
446
447
448
449
450
451
443
444
445
446
447
448
449
450
451
444
445
446
447
448
449
450
451
445
446
447
448
449
450
451
446
447
448
449
450
451
447
448
449
450
451
448
449
450
451
449
450
451
450
451
451
453
454
455
456
457
458
459
460
461
462
454
455
456
457
458
459
460
461
462
455
456
457
458
459
460
461
462
456
457
458
459
460
461
462
457
458
459
460
461
462
458
459
460
461
462
459
460
461
462
460
461
462
461
462
462
464
465
466
467
468
469
470
471
472
473
465
466
467
468
469
470
471
472
473
466
467
468
469
470
471
472
473
467
468
469
470
471
472
473
468
469
470
471
472
473
469
470
471
472
473
470
471
472
473
471
472
473
472
473
473
475
476
477
478
479
480
481
482
483
484
476
477
478
479
480
481
482
483
484
477
478
479
480
481
482
483
484
478
479
480
481
482
483
484
479
480
481
482
483
484
480
481
482
483
484
481
482
483
484
482
483
484
483
484
484
486
487
488
489
490
491
492
493
494
495
487
488
489
490
491
492
493
494
495
488
489
490
491
492
493
494
495
489
490
491
492
493
494
495
490
491
492
493
494
495
491
492
493
494
495
492
493
494
495
493
494
495
494
495
495
497
498
499
500
501
502
503
504
505
506
498
499
500
501
502
503
504
505
506
499
500
501
502
503
504
505
506
500
501
502
503
504
505
506
501
502
503
504
505
506
502
503
504
505
506
503
504
505
506
504
505
506
505
506
506
508
509
510
511
512
513
514
515
516
517
509
510
511
512
513
514
515
516
517
510
511
512
513
514
515
516
517
511
512
513
514
515
516
517
512
513
514
515
516
517
513
514
515
516
517
514
515
516
517
515
516
517
516
517
517
519
520
521
522
523
524
525
526
527
528
520
521
522
523
524
525
526
527
528
521
522
523
524
525
526
527
528
522
523
524
525
526
527
528
523
524
525
526
527
528
524
525
526
527
528
525
526
527
528
526
527
528
527
528
528
530
531
532
533
534
535
536
537
538
539
531
532
533
534
535
536
537
538
539
532
533
534
535
536
537
538
539
533
534
535
536
537
538
539
534
535
536
537
538
539
535
536
537
538
539
536
537
538
539
537
538
539
538
539
539
541
542
543
544
545
546
547
548
549
550
542
543
544
545
546
547
548
549
550
543
544
545
546
547
548
549
550
544
545
546
547
548
549
550
545
546
547
548
549
550
546
547
548
549
550
547
548
549
550
548
549
550
549
550
550
552
553
554
555
556
557
558
559
560
561
553
554
555
556
557
558
559
560
561
554
555
556
557
558
559
560
561
555
556
557
558
559
560
561
556
557
558
559
560
561
557
558
559
560
561
558
559
560
561
559
560
561
560
561
561
563
564
565
566
567
568
569
570
571
572
564
565
566
567
568
569
570
571
572
565
566
567
568
569
570
571
572
566
567
568
569
570
571
572
567
568
569
570
571
572
568
569
570
571
572
569
570
571
572
570
571
572
571
572
572
574
575
576
577
578
579
580
581
582
583
575
576
577
578
579
580
581
582
583
576
577
578
579
580
581
582
583
577
578
579
580
581
582
583
578
579
580
581
582
583
579
580
581
582
583
580
581
582
583
581
582
583
582
583
583
585
586
587
588
589
590
591
592
593
594
586
587
588
589
590
591
592
593
594
587
588
589
590
591
592
593
594
588
589
590
591
592
593
594
589
590
591
592
593
594
590
591
592
593
594
591
592
593
594
592
593
594
593
594
594
596
597
598
599
600
601
602
603
604
605
597
598
599
600
601
602
603
604
605
598
599
600
601
602
603
604
605
599
600
601
602
603
604
605
600
601
602
603
604
605
601
602
603
604
605
602
603
604
605
603
604
605
604
605
605
607
608
609
610
611
612
613
614
615
616
608
609
610
611
612
613
614
615
616
609
610
611
612
613
614
615
616
610
611
612
613
614
615
616
611
612
613
614
615
616
612
613
614
615
616
613
614
615
616
614
615
616
615
616
616
618
619
620
621
622
623
624
625
626
627
619
620
621
622
623
624
625
626
627
620
621
622
623
624
625
626
627
621
622
623
624
625
626
627
622
623
624
625
626
627
623
624
625
626
627
624
625
626
627
625
626
627
626
627
627
629
630
631
632
633
634
635
636
637
638
630
631
632
633
634
635
636
637
638
631
632
633
634
635
636
637
638
632
633
634
635
636
637
638
633
634
635
636
637
638
634
635
636
637
638
635
636
637
638
636
637
638
637
638
638
640
641
642
643
644
645
646
647
648
649
641
642
643
644
645
646
647
648
649
642
643
644
645
646
647
648
649
643
644
645
646
647
648
649
644
645
646
647
648
649
645
646
647
648
649
646
647
648
649
647
648
649
648
649
649
651
652
653
654
655
656
657
658
659
660
652
653
654
655
656
657
658
659
660
653
654
655
656
657
658
659
660
654
655
656
657
658
659
660
655
656
657
658
659
660
656
657
658
659
660
657
658
659
660
658
659
660
659
660
660
662
663
664
665
666
667
668
669
670
671
663
664
665
666
667
668
669
670
671
664
665
666
667
668
669
670
671
665
666
667
668
669
670
671
666
667
668
669
670
671
667
668
669
670
671
668
669
670
671
669
670
671
670
671
671
673
674
675
676
677
678
679
680
681
682
674
675
676
677
678
679
680
681
682
675
676
677
678
679
680
681
682
676
677
678
679
680
681
682
677
678
679
680
681
682
678
679
680
681
682
679
680
681
682
680
681
682
681
682
682
684
685
686
687
688
689
690
691
692
693
685
686
687
688
689
690
691
692
693
686
687
688
689
690
691
692
693
687
688
689
690
691
692
693
688
689
690
691
692
693
689
690
691
692
693
690
691
692
693
691
692
693
692
693
693
695
696
697
698
699
700
701
702
703
704
696
697
698
699
700
701
702
703
704
697
698
699
700
701
702
703
704
698
699
700
701
702
703
704
699
700
701
702
703
704
700
701
702
703
704
701
702
703
704
702
703
704
703
704
704
706
707
708
709
710
711
712
713
714
715
707
708
709
710
711
712
713
714
715
708
709
710
711
712
713
714
715
709
710
711
712
713
714
715
710
711
712
713
714
715
711
712
713
714
715
712
713
714
715
713
714
715
714
715
715
717
718
719
720
721
722
723
724
725
726
718
719
720
721
722
723
724
725
726
719
720
721
722
723
724
725
726
720
721
722
723
724
725
726
721
722
723
724
725
726
722
723
724
725
726
723
724
725
726
724
725
726
725
726
726
728
729
730
731
732
733
734
735
736
737
729
730
731
732
733
734
735
736
737
730
731
732
733
734
735
736
737
731
732
733
734
735
736
737
732
733
734
735
736
737
733
734
735
736
737
734
735
736
737
735
736
737
736
737
737
739
740
741
742
743
744
745
746
747
748
740
741
742
743
744
745
746
747
748
741
742
743
744
745
746
747
748
742
743
744
745
746
747
748
743
744
745
746
747
748
744
745
746
747
748
745
746
747
748
746
747
748
747
748
748
750
751
752
753
754
755
756
757
758
759
751
752
753
754
755
756
757
758
759
752
753
754
755
756
757
758
759
753
754
755
756
757
758
759
754
755
756
757
758
759
755
756
757
758
759
756
757
758
759
757
758
759
758
759
759
761
762
763
764
765
766
767
768
769
770
762
763
764
765
766
767
768
769
770
763
764
765
766
767
768
769
770
764
765
766
767
768
769
770
765
766
767
768
769
770
766
767
768
769
770
767
768
769
770
768
769
770
769
770
770
772
773
774
775
776
777
778
779
780
781
773
774
775
776
777
778
779
780
781
774
775
776
777
778
779
780
781
775
776
777
778
779
780
781
776
777
778
779
780
781
777
778
779
780
781
778
779
780
781
779
780
781
780
781
781
783
784
785
786
787
788
789
790
791
792
784
785
786
787
788
789
790
791
792
785
786
787
788
789
790
791
792
786
787
788
789
790
791
792
787
788
789
790
791
792
788
789
790
791
792
789
790
791
792
790
791
792
791
792
792
794
795
796
797
798
799
800
801
802
803
795
796
797
798
799
800
801
802
803
796
797
798
799
800
801
802
803
797
798
799
800
801
802
803
798
799
800
801
802
803
799
800
801
802
803
800
801
802
803
801
802
803
802
803
803
805
806
807
808
809
810
811
812
813
814
806
807
808
809
810
811
812
813
814
807
808
809
810
811
812
813
814
808
809
810
811
812
813
814
809
810
811
812
813
814
810
811
812
813
814
811
812
813
814
812
813
814
813
814
814
816
817
818
819
820
821
822
823
824
825
817
818
819
820
821
822
823
824
825
818
819
820
821
822
823
824
825
819
820
821
822
823
824
825
820
821
822
823
824
825
821
822
823
824
825
822
823
824
825
823
824
825
824
825
825
827
828
829
830
831
832
833
834
835
836
828
829
830
831
832
833
834
835
836
829
830
831
832
833
834
835
836
830
831
832
833
834
835
836
831
832
833
834
835
836
832
833
834
835
836
833
834
835
836
834
835
836
835
836
836
838
839
840
841
842
843
844
845
846
847
839
840
841
842
843
844
845
846
847
840
841
842
843
844
845
846
847
841
842
843
844
845
846
847
842
843
844
845
846
847
843
844
845
846
847
844
845
846
847
845
846
847
846
847
847
849
850
851
852
853
854
855
856
857
858
850
851
852
853
854
855
856
857
858
851
852
853
854
855
856
857
858
852
853
854
855
856
857
858
853
854
855
856
857
858
854
855
856
857
858
855
856
857
858
856
857
858
857
858
858
860
861
862
863
864
865
866
867
868
869
861
862
863
864
865
866
867
868
869
862
863
864
865
866
867
868
869
863
864
865
866
867
868
869
864
865
866
867
868
869
865
866
867
868
869
866
867
868
869
867
868
869
868
869
869
871
872
873
874
875
876
877
878
879
880
872
873
874
875
876
877
878
879
880
873
874
875
876
877
878
879
880
874
875
876
877
878
879
880
875
876
877
878
879
880
876
877
878
879
880
877
878
879
880
878
879
880
879
880
880
882
883
884
885
886
887
888
889
890
891
883
884
885
886
887
888
889
890
891
884
885
886
887
888
889
890
891
885
886
887
888
889
890
891
886
887
888
889
890
891
887
888
889
890
891
888
889
890
891
889
890
891
890
891
891
893
894
895
896
897
898
899
900
901
902
894
895
896
897
898
899
900
901
902
895
896
897
898
899
900
901
902
896
897
898
899
900
901
902
897
898
899
900
901
902
898
899
900
901
902
899
900
901
902
900
901
902
901
902
902
904
905
906
907
908
909
910
911
912
913
905
906
907
908
909
910
911
912
913
906
907
908
909
910
911
912
913
907
908
909
910
911
912
913
908
909
910
911
912
913
909
910
911
912
913
910
911
912
913
911
912
913
912
913
913
915
916
917
918
919
920
921
922
923
924
916
917
918
919
920
921
922
923
924
917
918
919
920
921
922
923
924
918
919
920
921
922
923
924
919
920
921
922
923
924
920
921
922
923
924
921
922
923
924
922
923
924
923
924
924
926
927
928
929
930
931
932
933
934
935
927
928
929
930
931
932
933
934
935
928
929
930
931
932
933
934
935
929
930
931
932
933
934
935
930
931
932
933
934
935
931
932
933
934
935
932
933
934
935
933
934
935
934
935
935
937
938
939
940
941
942
943
944
945
946
938
939
940
941
942
943
944
945
946
939
940
941
942
943
944
945
946
940
941
942
943
944
945
946
941
942
943
944
945
946
942
943
944
945
946
943
944
945
946
944
945
946
945
946
946
948
949
950
951
952
953
954
955
956
957
949
950
951
952
953
954
955
956
957
950
951
952
953
954
955
956
957
951
952
953
954
955
956
957
952
953
954
955
956
957
953
954
955
956
957
954
955
956
957
955
956
957
956
957
957
959
960
961
962
963
964
965
966
967
968
960
961
962
963
964
965
966
967
968
961
962
963
964
965
966
967
968
962
963
964
965
966
967
968
963
964
965
966
967
968
964
965
966
967
968
965
966
967
968
966
967
968
967
968
968
970
971
972
973
974
975
976
977
978
979
971
972
973
974
975
976
977
978
979
972
973
974
975
976
977
978
979
973
974
975
976
977
978
979
974
975
976
977
978
979
975
976
977
978
979
976
977
978
979
977
978
979
978
979
979
981
982
983
984
985
986
987
988
989
990
982
983
984
985
986
987
988
989
990
983
984
985
986
987
988
989
990
984
985
986
987
988
989
990
985
986
987
988
989
990
986
987
988
989
990
987
988
989
990
988
989
990
989
990
990
992
993
994
995
996
997
998
999
1000
1001
993
994
995
996
997
998
999
1000
1001
994
995
996
997
998
999
1000
1001
995
996
997
998
999
1000
1001
996
997
998
999
1000
1001
997
998
999
1000
1001
998
999
1000
1001
999
1000
1001
1000
1001
1001
1003
1004
1005
1006
1007
1008
1009
1010
1011
1012
1004
1005
1006
1007
1008
1009
1010
1011
1012
1005
1006
1007
1008
1009
1010
1011
1012
1006
1007
1008
1009
1010
1011
1012
1007
1008
1009
1010
1011
1012
1008
1009
1010
1011
1012
1009
1010
1011
1012
1010
1011
1012
1011
1012
1012
1014
1015
1016
1017
1018
1019
1020
1021
1022
1023
1015
1016
1017
1018
1019
1020
1021
1022
1023
1016
1017
1018
1019
1020
1021
1022
1023
1017
1018
1019
1020
1021
1022
1023
1018
1019
1020
1021
1022
1023
1019
1020
1021
1022
1023
1020
1021
1022
1023
1021
1022
1023
1022
1023
1023
1025
1026
1027
1028
1029
1030
1031
1032
1033
1034
1026
1027
1028
1029
1030
1031
1032
1033
1034
1027
1028
1029
1030
1031
1032
1033
1034
1028
1029
1030
1031
1032
1033
1034
1029
1030
1031
1032
1033
1034
1030
1031
1032
1033
1034
1031
1032
1033
1034
1032
1033
1034
1033
1034
1034
1036
1037
1038
1039
1040
1041
1042
1043
1044
1045
1037
1038
1039
1040
1041
1042
1043
1044
1045
1038
1039
1040
1041
1042
1043
1044
1045
1039
1040
1041
1042
1043
1044
1045
1040
1041
1042
1043
1044
1045
1041
1042
1043
1044
1045
1042
1043
1044
1045
1043
1044
1045
1044
1045
1045
1047
1048
1049
1050
1051
1052
1053
1054
1055
1056
1048
1049
1050
1051
1052
1053
1054
1055
1056
1049
1050
1051
1052
1053
1054
1055
1056
1050
1051
1052
1053
1054
1055
1056
1051
1052
1053
1054
1055
1056
1052
1053
1054
1055
1056
1053
1054
1055
1056
1054
1055
1056
1055
1056
1056
1058
1059
1060
1061
1062
1063
1064
1065
1066
1067
1059
1060
1061
1062
1063
1064
1065
1066
1067
1060
1061
1062
1063
1064
1065
1066
1067
1061
1062
1063
1064
1065
1066
1067
1062
1063
1064
1065
1066
1067
1063
1064
1065
1066
1067
1064
1065
1066
1067
1065
1066
1067
1066
1067
1067
1069
1070
1071
1072
1073
1074
1075
1076
1077
1078
1070
1071
1072
1073
1074
1075
1076
1077
1078
1071
1072
1073
1074
1075
1076
1077
1078
1072
1073
1074
1075
1076
1077
1078
1073
1074
1075
1076
1077
1078
1074
1075
1076
1077
1078
1075
1076
1077
1078
1076
1077
1078
1077
1078
1078
1080
1081
1082
1083
1084
1085
1086
1087
1088
1089
1081
1082
1083
1084
1085
1086
1087
1088
1089
1082
1083
1084
1085
1086
1087
1088
1089
1083
1084
1085
1086
1087
1088
1089
1084
1085
1086
1087
1088
1089
1085
1086
1087
1088
1089
1086
1087
1088
1089
1087
1088
1089
1088
1089
1089
1091
1092
1093
1094
1095
1096
1097
1098
1099
1100
1092
1093
1094
1095
1096
1097
1098
1099
1100
1093
1094
1095
1096
1097
1098
1099
1100
1094
1095
1096
1097
1098
1099
1100
1095
1096
1097
1098
1099
1100
1096
1097
1098
1099
1100
1097
1098
1099
1100
1098
1099
1100
1099
1100
1100
1102
1103
1104
1105
1106
1107
1108
1109
1110
1111
1103
1104
1105
1106
1107
1108
1109
1110
1111
1104
1105
1106
1107
1108
1109
1110
1111
1105
1106
1107
1108
1109
1110
1111
1106
1107
1108
1109
1110
1111
1107
1108
1109
1110
1111
1108
1109
1110
1111
1109
1110
1111
1110
1111
1111
1113
1114
1115
1116
1117
1118
1119
1120
1121
1122
1114
1115
1116
1117
1118
1119
1120
1121
1122
1115
1116
1117
1118
1119
1120
1121
1122
1116
1117
1118
1119
1120
1121
1122
1117
1118
1119
1120
1121
1122
1118
1119
1120
1121
1122
1119
1120
1121
1122
1120
1121
1122
1121
1122
1122
1124
1125
1126
1127
1128
1129
1130
1131
1132
1133
1125
1126
1127
1128
1129
1130
1131
1132
1133
1126
1127
1128
1129
1130
1131
1132
1133
1127
1128
1129
1130
1131
1132
1133
1128
1129
1130
1131
1132
1133
1129
1130
1131
1132
1133
1130
1131
1132
1133
1131
1132
1133
1132
1133
1133
1135
1136
1137
1138
1139
1140
1141
1142
1143
1144
1136
1137
1138
1139
1140
1141
1142
1143
1144
1137
1138
1139
1140
1141
1142
1143
1144
1138
1139
1140
1141
1142
1143
1144
1139
1140
1141
1142
1143
1144
1140
1141
1142
1143
1144
1141
1142
1143
1144
1142
1143
1144
1143
1144
1144
1146
1147
1148
1149
1150
1151
1152
1153
1154
1155
1147
1148
1149
1150
1151
1152
1153
1154
1155
1148
1149
1150
1151
1152
1153
1154
1155
1149
1150
1151
1152
1153
1154
1155
1150
1151
1152
1153
1154
1155
1151
1152
1153
1154
1155
1152
1153
1154
1155
1153
1154
1155
1154
1155
1155
1157
1158
1159
1160
1161
1162
1163
1164
1165
1166
1158
1159
1160
1161
1162
1163
1164
1165
1166
1159
1160
1161
1162
1163
1164
1165
1166
1160
1161
1162
1163
1164
1165
1166
1161
1162
1163
1164
1165
1166
1162
1163
1164
1165
1166
1163
1164
1165
1166
1164
1165
1166
1165
1166
1166
1168
1169
1170
1171
1172
1173
1174
1175
1176
1177
1169
1170
1171
1172
1173
1174
1175
1176
1177
1170
1171
1172
1173
1174
1175
1176
1177
1171
1172
1173
1174
1175
1176
1177
1172
1173
1174
1175
1176
1177
1173
1174
1175
1176
1177
1174
1175
1176
1177
1175
1176
1177
1176
1177
1177
1179
1180
1181
1182
1183
1184
1185
1186
1187
1188
1180
1181
1182
1183
1184
1185
1186
1187
1188
1181
1182
1183
1184
1185
1186
1187
1188
1182
1183
1184
1185
1186
1187
1188
1183
1184
1185
1186
1187
1188
1184
1185
1186
1187
1188
1185
1186
1187
1188
1186
1187
1188
1187
1188
1188
1190
1191
1192
1193
1194
1195
1196
1197
1198
1199
1191
1192
1193
1194
1195
1196
1197
1198
1199
1192
1193
1194
1195
1196
1197
1198
1199
1193
1194
1195
1196
1197
1198
1199
1194
1195
1196
1197
1198
1199
1195
1196
1197
1198
1199
1196
1197
1198
1199
1197
1198
1199
1198
1199
1199
1201
1202
1203
1204
1205
1206
1207
1208
1209
1210
1202
1203
1204
1205
1206
1207
1208
1209
1210
1203
1204
1205
1206
1207
1208
1209
1210
1204
1205
1206
1207
1208
1209
1210
1205
1206
1207
1208
1209
1210
1206
1207
1208
1209
1210
1207
1208
1209
1210
1208
1209
1210
1209
1210
1210
1212
1213
1214
1215
1216
1217
1218
1219
1220
1221
1213
1214
1215
1216
1217
1218
1219
1220
1221
1214
1215
1216
1217
1218
1219
1220
1221
1215
1216
1217
1218
1219
1220
1221
1216
1217
1218
1219
1220
1221
1217
1218
1219
1220
1221
1218
1219
1220
1221
1219
1220
1221
1220
1221
1221
1223
1224
1225
1226
1227
1228
1229
1230
1231
1232
1224
1225
1226
1227
1228
1229
1230
1231
1232
1225
1226
1227
1228
1229
1230
1231
1232
1226
1227
1228
1229
1230
1231
1232
1227
1228
1229
1230
1231
1232
1228
1229
1230
1231
1232
1229
1230
1231
1232
1230
1231
1232
1231
1232
1232
1234
1235
1236
1237
1238
1239
1240
1241
1242
1243
1235
1236
1237
1238
1239
1240
1241
1242
1243
1236
1237
1238
1239
1240
1241
1242
1243
1237
1238
1239
1240
1241
1242
1243
1238
1239
1240
1241
1242
1243
1239
1240
1241
1242
1243
1240
1241
1242
1243
1241
1242
1243
1242
1243
1243
1245
1246
1247
1248
1249
1250
1251
1252
1253
1254
1246
1247
1248
1249
1250
1251
1252
1253
1254
1247
1248
1249
1250
1251
1252
1253
1254
1248
1249
1250
1251
1252
1253
1254
1249
1250
1251
1252
1253
1254
1250
1251
1252
1253
1254
1251
1252
1253
1254
1252
1253
1254
1253
1254
1254
1256
1257
1258
1259
1260
1261
1262
1263
1264
1265
1257
1258
1259
1260
1261
1262
1263
1264
1265
1258
1259
1260
1261
1262
1263
1264
1265
1259
1260
1261
1262
1263
1264
1265
1260
1261
1262
1263
1264
1265
1261
1262
1263
1264
1265
1262
1263
1264
1265
1263
1264
1265
1264
1265
1265
1267
1268
1269
1270
1271
1272
1273
1274
1275
1276
1268
1269
1270
1271
1272
1273
1274
1275
1276
1269
1270
1271
1272
1273
1274
1275
1276
1270
1271
1272
1273
1274
1275
1276
1271
1272
1273
1274
1275
1276
1272
1273
1274
1275
1276
1273
1274
1275
1276
1274
1275
1276
1275
1276
1276
1278
1279
1280
1281
1282
1283
1284
1285
1286
1287
1279
1280
1281
1282
1283
1284
1285
1286
1287
1280
1281
1282
1283
1284
1285
1286
1287
1281
1282
1283
1284
1285
1286
1287
1282
1283
1284
1285
1286
1287
1283
1284
1285
1286
1287
1284
1285
1286
1287
1285
1286
1287
1286
1287
1287
1289
1290
1291
1292
1293
1294
1295
1296
1297
1298
1290
1291
1292
1293
1294
1295
1296
1297
1298
1291
1292
1293
1294
1295
1296
1297
1298
1292
1293
1294
1295
1296
1297
1298
1293
1294
1295
1296
1297
1298
1294
1295
1296
1297
1298
1295
1296
1297
1298
1296
1297
1298
1297
1298
1298
1300
1301
1302
1303
1304
1305
1306
1307
1308
1309
1301
1302
1303
1304
1305
1306
1307
1308
1309
1302
1303
1304
1305
1306
1307
1308
1309
1303
1304
1305
1306
1307
1308
1309
1304
1305
1306
1307
1308
1309
1305
1306
1307
1308
1309
1306
1307
1308
1309
1307
1308
1309
1308
1309
1309
1311
1312
1313
1314
1315
1316
1317
1318
1319
1320
1312
1313
1314
1315
1316
1317
1318
1319
1320
1313
1314
1315
1316
1317
1318
1319
1320
1314
1315
1316
1317
1318
1319
1320
1315
1316
1317
1318
1319
1320
1316
1317
1318
1319
1320
1317
1318
1319
1320
1318
1319
1320
1319
1320
1320
1322
1323
1324
1325
1326
1327
1328
1329
1330
1331
1323
1324
1325
1326
1327
1328
1329
1330
1331
1324
1325
1326
1327
1328
1329
1330
1331
1325
1326
1327
1328
1329
1330
1331
1326
1327
1328
1329
1330
1331
1327
1328
1329
1330
1331
1328
1329
1330
1331
1329
1330
1331
1330
1331
1331
1333
1334
1335
1336
1337
1338
1339
1340
1341
1342
1334
1335
1336
1337
1338
1339
1340
1341
1342
1335
1336
1337
1338
1339
1340
1341
1342
1336
1337
1338
1339
1340
1341
1342
1337
1338
1339
1340
1341
1342
1338
1339
1340
1341
1342
1339
1340
1341
1342
1340
1341
1342
1341
1342
1342
1344
1345
1346
1347
1348
1349
1350
1351
1352
1353
1345
1346
1347
1348
1349
1350
1351
1352
1353
1346
1347
1348
1349
1350
1351
1352
1353
1347
1348
1349
1350
1351
1352
1353
1348
1349
1350
1351
1352
1353
1349
1350
1351
1352
1353
1350
1351
1352
1353
1351
1352
1353
1352
1353
1353
1355
1356
1357
1358
1359
1360
1361
1362
1363
1364
1356
1357
1358
1359
1360
1361
1362
1363
1364
1357
1358
1359
1360
1361
1362
1363
1364
1358
1359
1360
1361
1362
1363
1364
1359
1360
1361
1362
1363
1364
1360
1361
1362
1363
1364
1361
1362
1363
1364
1362
1363
1364
1363
1364
1364
1366
1367
1368
1369
1370
1371
1372
1373
1374
1375
1367
1368
1369
1370
1371
1372
1373
1374
1375
1368
1369
1370
1371
1372
1373
1374
1375
1369
1370
1371
1372
1373
1374
1375
1370
1371
1372
1373
1374
1375
1371
1372
1373
1374
1375
1372
1373
1374
1375
1373
1374
1375
1374
1375
1375
1377
1378
1379
1380
1381
1382
1383
1384
1385
1386
1378
1379
1380
1381
1382
1383
1384
1385
1386
1379
1380
1381
1382
1383
1384
1385
1386
1380
1381
1382
1383
1384
1385
1386
1381
1382
1383
1384
1385
1386
1382
1383
1384
1385
1386
1383
1384
1385
1386
1384
1385
1386
1385
1386
1386
1388
1389
1390
1391
1392
1393
1394
1395
1396
1397
1389
1390
1391
1392
1393
1394
1395
1396
1397
1390
1391
1392
1393
1394
1395
1396
1397
1391
1392
1393
1394
1395
1396
1397
1392
1393
1394
1395
1396
1397
1393
1394
1395
1396
1397
1394
1395
1396
1397
1395
1396
1397
1396
1397
1397
1399
1400
1401
1402
1403
1404
1405
1406
1407
1408
1400
1401
1402
1403
1404
1405
1406
1407
1408
1401
1402
1403
1404
1405
1406
1407
1408
1402
1403
1404
1405
1406
1407
1408
1403
1404
1405
1406
1407
1408
1404
1405
1406
1407
1408
1405
1406
1407
1408
1406
1407
1408
1407
1408
1408
1410
1411
1412
1413
1414
1415
1416
1417
1418
1419
1411
1412
1413
1414
1415
1416
1417
1418
1419
1412
1413
1414
1415
1416
1417
1418
1419
1413
1414
1415
1416
1417
1418
1419
1414
1415
1416
1417
1418
1419
1415
1416
1417
1418
1419
1416
1417
1418
1419
1417
1418
1419
1418
1419
1419
1421
1422
1423
1424
1425
1426
1427
1428
1429
1430
1422
1423
1424
1425
1426
1427
1428
1429
1430
1423
1424
1425
1426
1427
1428
1429
1430
1424
1425
1426
1427
1428
1429
1430
1425
1426
1427
1428
1429
1430
1426
1427
1428
1429
1430
1427
1428
1429
1430
1428
1429
1430
1429
1430
1430
1432
1433
1434
1435
1436
1437
1438
1439
1440
1441
1433
1434
1435
1436
1437
1438
1439
1440
1441
1434
1435
1436
1437
1438
1439
1440
1441
1435
1436
1437
1438
1439
1440
1441
1436
1437
1438
1439
1440
1441
1437
1438
1439
1440
1441
1438
1439
1440
1441
1439
1440
1441
1440
1441
1441
1443
1444
1445
1446
1447
1448
1449
1450
1451
1452
1444
1445
1446
1447
1448
1449
1450
1451
1452
1445
1446
1447
1448
1449
1450
1451
1452
1446
1447
1448
1449
1450
1451
1452
1447
1448
1449
1450
1451
1452
1448
1449
1450
1451
1452
1449
1450
1451
1452
1450
1451
1452
1451
1452
1452
1454
1455
1456
1457
1458
1459
1460
1461
1462
1463
1455
1456
1457
1458
1459
1460
1461
1462
1463
1456
1457
1458
1459
1460
1461
1462
1463
1457
1458
1459
1460
1461
1462
1463
1458
1459
1460
1461
1462
1463
1459
1460
1461
1462
1463
1460
1461
1462
1463
1461
1462
1463
1462
1463
1463
1465
1466
1467
1468
1469
1470
1471
1472
1473
1474
1466
1467
1468
1469
1470
1471
1472
1473
1474
1467
1468
1469
1470
1471
1472
1473
1474
1468
1469
1470
1471
1472
1473
1474
1469
1470
1471
1472
1473
1474
1470
1471
1472
1473
1474
1471
1472
1473
1474
1472
1473
1474
1473
1474
1474
1476
1477
1478
1479
1480
1481
1482
1483
1484
1485
1477
1478
1479
1480
1481
1482
1483
1484
1485
1478
1479
1480
1481
1482
1483
1484
1485
1479
1480
1481
1482
1483
1484
1485
1480
1481
1482
1483
1484
1485
1481
1482
1483
1484
1485
1482
1483
1484
1485
1483
1484
1485
1484
1485
1485
1487
1488
1489
1490
1491
1492
1493
1494
1495
1496
1488
1489
1490
1491
1492
1493
1494
1495
1496
1489
1490
1491
1492
1493
1494
1495
1496
1490
1491
1492
1493
1494
1495
1496
1491
1492
1493
1494
1495
1496
1492
1493
1494
1495
1496
1493
1494
1495
1496
1494
1495
1496
1495
1496
1496
1498
1499
1500
1501
1502
1503
1504
1505
1506
1507
1499
1500
1501
1502
1503
1504
1505
1506
1507
1500
1501
1502
1503
1504
1505
1506
1507
1501
1502
1503
1504
1505
1506
1507
1502
1503
1504
1505
1506
1507
1503
1504
1505
1506
1507
1504
1505
1506
1507
1505
1506
1507
1506
1507
1507
1509
1510
1511
1512
1513
1514
1515
1516
1517
1518
1510
1511
1512
1513
1514
1515
1516
1517
1518
1511
1512
1513
1514
1515
1516
1517
1518
1512
1513
1514
1515
1516
1517
1518
1513
1514
1515
1516
1517
1518
1514
1515
1516
1517
1518
1515
1516
1517
1518
1516
1517
1518
1517
1518
1518
1520
1521
1522
1523
1524
1525
1526
1527
1528
1529
1521
1522
1523
1524
1525
1526
1527
1528
1529
1522
1523
1524
1525
1526
1527
1528
1529
1523
1524
1525
1526
1527
1528
1529
1524
1525
1526
1527
1528
1529
1525
1526
1527
1528
1529
1526
1527
1528
1529
1527
1528
1529
1528
1529
1529
1531
1532
1533
1534
1535
1536
1537
1538
1539
1540
1532
1533
1534
1535
1536
1537
1538
1539
1540
1533
1534
1535
1536
1537
1538
1539
1540
1534
1535
1536
1537
1538
1539
1540
1535
1536
1537
1538
1539
1540
1536
1537
1538
1539
1540
1537
1538
1539
1540
1538
1539
1540
1539
1540
1540
1542
1543
1544
1545
1546
1547
1548
1549
1550
1551
1543
1544
1545
1546
1547
1548
1549
1550
1551
1544
1545
1546
1547
1548
1549
1550
1551
1545
1546
1547
1548
1549
1550
1551
1546
1547
1548
1549
1550
1551
1547
1548
1549
1550
1551
1548
1549
1550
1551
1549
1550
1551
1550
1551
1551
1553
1554
1555
1556
1557
1558
1559
1560
1561
1562
1554
1555
1556
1557
1558
1559
1560
1561
1562
1555
1556
1557
1558
1559
1560
1561
1562
1556
1557
1558
1559
1560
1561
1562
1557
1558
1559
1560
1561
1562
1558
1559
1560
1561
1562
1559
1560
1561
1562
1560
1561
1562
1561
1562
1562
1564
1565
1566
1567
1568
1569
1570
1571
1572
1573
1565
1566
1567
1568
1569
1570
1571
1572
1573
1566
1567
1568
1569
1570
1571
1572
1573
1567
1568
1569
1570
1571
1572
1573
1568
1569
1570
1571
1572
1573
1569
1570
1571
1572
1573
1570
1571
1572
1573
1571
1572
1573
1572
1573
1573
1575
1576
1577
1578
1579
1580
1581
1582
1583
1584
1576
1577
1578
1579
1580
1581
1582
1583
1584
1577
1578
1579
1580
1581
1582
1583
1584
1578
1579
1580
1581
1582
1583
1584
1579
1580
1581
1582
1583
1584
1580
1581
1582
1583
1584
1581
1582
1583
1584
1582
1583
1584
1583
1584
1584
1586
1587
1588
1589
1590
1591
1592
1593
1594
1595
1587
1588
1589
1590
1591
1592
1593
1594
1595
1588
1589
1590
1591
1592
1593
1594
1595
1589
1590
1591
1592
1593
1594
1595
1590
1591
1592
1593
1594
1595
1591
1592
1593
1594
1595
1592
1593
1594
1595
1593
1594
1595
1594
1595
1595
1597
1598
1599
1600
1601
1602
1603
1604
1605
1606
1598
1599
1600
1601
1602
1603
1604
1605
1606
1599
1600
1601
1602
1603
1604
1605
1606
1600
1601
1602
1603
1604
1605
1606
1601
1602
1603
1604
1605
1606
1602
1603
1604
1605
1606
1603
1604
1605
1606
1604
1605
1606
1605
1606
1606
1608
1609
1610
1611
1612
1613
1614
1615
1616
1617
1609
1610
1611
1612
1613
1614
1615
1616
1617
1610
1611
1612
1613
1614
1615
1616
1617
1611
1612
1613
1614
1615
1616
1617
1612
1613
1614
1615
1616
1617
1613
1614
1615
1616
1617
1614
1615
1616
1617
1615
1616
1617
1616
1617
1617
1619
1620
1621
1622
1623
1624
1625
1626
1627
1628
1620
1621
1622
1623
1624
1625
1626
1627
1628
1621
1622
1623
1624
1625
1626
1627
1628
1622
1623
1624
1625
1626
1627
1628
1623
1624
1625
1626
1627
1628
1624
1625
1626
1627
1628
1625
1626
1627
1628
1626
1627
1628
1627
1628
1628
1630
1631
1632
1633
1634
1635
1636
1637
1638
1639
1631
1632
1633
1634
1635
1636
1637
1638
1639
1632
1633
1634
1635
1636
1637
1638
1639
1633
1634
1635
1636
1637
1638
1639
1634
1635
1636
1637
1638
1639
1635
1636
1637
1638
1639
1636
1637
1638
1639
1637
1638
1639
1638
1639
1639
1641
1642
1643
1644
1645
1646
1647
1648
1649
1650
1642
1643
1644
1645
1646
1647
1648
1649
1650
1643
1644
1645
1646
1647
1648
1649
1650
1644
1645
1646
1647
1648
1649
1650
1645
1646
1647
1648
1649
1650
1646
1647
1648
1649
1650
1647
1648
1649
1650
1648
1649
1650
1649
1650
1650
1652
1653
1654
1655
1656
1657
1658
1659
1660
1661
1653
1654
1655
1656
1657
1658
1659
1660
1661
1654
1655
1656
1657
1658
1659
1660
1661
1655
1656
1657
1658
1659
1660
1661
1656
1657
1658
1659
1660
1661
1657
1658
1659
1660
1661
1658
1659
1660
1661
1659
1660
1661
1660
1661
1661
1663
1664
1665
1666
1667
1668
1669
1670
1671
1672
1664
1665
1666
1667
1668
1669
1670
1671
1672
1665
1666
1667
1668
1669
1670
1671
1672
1666
1667
1668
1669
1670
1671
1672
1667
1668
1669
1670
1671
1672
1668
1669
1670
1671
1672
1669
1670
1671
1672
1670
1671
1672
1671
1672
1672
1674
1675
1676
1677
1678
1679
1680
1681
1682
1683
1675
1676
1677
1678
1679
1680
1681
1682
1683
1676
1677
1678
1679
1680
1681
1682
1683
1677
1678
1679
1680
1681
1682
1683
1678
1679
1680
1681
1682
1683
1679
1680
1681
1682
1683
1680
1681
1682
1683
1681
1682
1683
1682
1683
1683
1685
1686
1687
1688
1689
1690
1691
1692
1693
1694
1686
1687
1688
1689
1690
1691
1692
1693
1694
1687
1688
1689
1690
1691
1692
1693
1694
1688
1689
1690
1691
1692
1693
1694
1689
1690
1691
1692
1693
1694
1690
1691
1692
1693
1694
1691
1692
1693
1694
1692
1693
1694
1693
1694
1694
1696
1697
1698
1699
1700
1701
1702
1703
1704
1705
1697
1698
1699
1700
1701
1702
1703
1704
1705
1698
1699
1700
1701
1702
1703
1704
1705
1699
1700
1701
1702
1703
1704
1705
1700
1701
1702
1703
1704
1705
1701
1702
1703
1704
1705
1702
1703
1704
1705
1703
1704
1705
1704
1705
1705
1707
1708
1709
1710
1711
1712
1713
1714
1715
1716
1708
1709
1710
1711
1712
1713
1714
1715
1716
1709
1710
1711
1712
1713
1714
1715
1716
1710
1711
1712
1713
1714
1715
1716
1711
1712
1713
1714
1715
1716
1712
1713
1714
1715
1716
1713
1714
1715
1716
1714
1715
1716
1715
1716
1716
1718
1719
1720
1721
1722
1723
1724
1725
1726
1727
1719
1720
1721
1722
1723
1724
1725
1726
1727
1720
1721
1722
1723
1724
1725
1726
1727
1721
1722
1723
1724
1725
1726
1727
1722
1723
1724
1725
1726
1727
1723
1724
1725
1726
1727
1724
1725
1726
1727
1725
1726
1727
1726
1727
1727
1729
1730
1731
1732
1733
1734
1735
1736
1737
1738
1730
1731
1732
1733
1734
1735
1736
1737
1738
1731
1732
1733
1734
1735
1736
1737
1738
1732
1733
1734
1735
1736
1737
1738
1733
1734
1735
1736
1737
1738
1734
1735
1736
1737
1738
1735
1736
1737
1738
1736
1737
1738
1737
1738
1738
1740
1741
1742
1743
1744
1745
1746
1747
1748
1749
1741
1742
1743
1744
1745
1746
1747
1748
1749
1742
1743
1744
1745
1746
1747
1748
1749
1743
1744
1745
1746
1747
1748
1749
1744
1745
1746
1747
1748
1749
1745
1746
1747
1748
1749
1746
1747
1748
1749
1747
1748
1749
1748
1749
1749
1751
1752
1753
1754
1755
1756
1757
1758
1759
1760
1752
1753
1754
1755
1756
1757
1758
1759
1760
1753
1754
1755
1756
1757
1758
1759
1760
1754
1755
1756
1757
1758
1759
1760
1755
1756
1757
1758
1759
1760
1756
1757
1758
1759
1760
1757
1758
1759
1760
1758
1759
1760
1759
1760
1760
1762
1763
1764
1765
1766
1767
1768
1769
1770
1771
1763
1764
1765
1766
1767
1768
1769
1770
1771
1764
1765
1766
1767
1768
1769
1770
1771
1765
1766
1767
1768
1769
1770
1771
1766
1767
1768
1769
1770
1771
1767
1768
1769
1770
1771
1768
1769
1770
1771
1769
1770
1771
1770
1771
1771
1773
1774
1775
1776
1777
1778
1779
1780
1781
1782
1774
1775
1776
1777
1778
1779
1780
1781
1782
1775
1776
1777
1778
1779
1780
1781
1782
1776
1777
1778
1779
1780
1781
1782
1777
1778
1779
1780
1781
1782
1778
1779
1780
1781
1782
1779
1780
1781
1782
1780
1781
1782
1781
1782
1782
1784
1785
1786
1787
1788
1789
1790
1791
1792
1793
1785
1786
1787
1788
1789
1790
1791
1792
1793
1786
1787
1788
1789
1790
1791
1792
1793
1787
1788
1789
1790
1791
1792
1793
1788
1789
1790
1791
1792
1793
1789
1790
1791
1792
1793
1790
1791
1792
1793
1791
1792
1793
1792
1793
1793
1795
1796
1797
1798
1799
1800
1801
1802
1803
1804
1796
1797
1798
1799
1800
1801
1802
1803
1804
1797
1798
1799
1800
1801
1802
1803
1804
1798
1799
1800
1801
1802
1803
1804
1799
1800
1801
1802
1803
1804
1800
1801
1802
1803
1804
1801
1802
1803
1804
1802
1803
1804
1803
1804
1804
1806
1807
1808
1809
1810
1811
1812
1813
1814
1815
1807
1808
1809
1810
1811
1812
1813
1814
1815
1808
1809
1810
1811
1812
1813
1814
1815
1809
1810
1811
1812
1813
1814
1815
1810
1811
1812
1813
1814
1815
1811
1812
1813
1814
1815
1812
1813
1814
1815
1813
1814
1815
1814
1815
1815
1817
1818
1819
1820
1821
1822
1823
1824
1825
1826
1818
1819
1820
1821
1822
1823
1824
1825
1826
1819
1820
1821
1822
1823
1824
1825
1826
1820
1821
1822
1823
1824
1825
1826
1821
1822
1823
1824
1825
1826
1822
1823
1824
1825
1826
1823
1824
1825
1826
1824
1825
1826
1825
1826
1826
1828
1829
1830
1831
1832
1833
1834
1835
1836
1837
1829
1830
1831
1832
1833
1834
1835
1836
1837
1830
1831
1832
1833
1834
1835
1836
1837
1831
1832
1833
1834
1835
1836
1837
1832
1833
1834
1835
1836
1837
1833
1834
1835
1836
1837
1834
1835
1836
1837
1835
1836
1837
1836
1837
1837
1839
1840
1841
1842
1843
1844
1845
1846
1847
1848
1840
1841
1842
1843
1844
1845
1846
1847
1848
1841
1842
1843
1844
1845
1846
1847
1848
1842
1843
1844
1845
1846
1847
1848
1843
1844
1845
1846
1847
1848
1844
1845
1846
1847
1848
1845
1846
1847
1848
1846
1847
1848
1847
1848
1848
1850
1851
1852
1853
1854
1855
1856
1857
1858
1859
1851
1852
1853
1854
1855
1856
1857
1858
1859
1852
1853
1854
1855
1856
1857
1858
1859
1853
1854
1855
1856
1857
1858
1859
1854
1855
1856
1857
1858
1859
1855
1856
1857
1858
1859
1856
1857
1858
1859
1857
1858
1859
1858
1859
1859
1861
1862
1863
1864
1865
1866
1867
1868
1869
1870
1862
1863
1864
1865
1866
1867
1868
1869
1870
1863
1864
1865
1866
1867
1868
1869
1870
1864
1865
1866
1867
1868
1869
1870
1865
1866
1867
1868
1869
1870
1866
1867
1868
1869
1870
1867
1868
1869
1870
1868
1869
1870
1869
1870
1870
1872
1873
1874
1875
1876
1877
1878
1879
1880
1881
1873
1874
1875
1876
1877
1878
1879
1880
1881
1874
1875
1876
1877
1878
1879
1880
1881
1875
1876
1877
1878
1879
1880
1881
1876
1877
1878
1879
1880
1881
1877
1878
1879
1880
1881
1878
1879
1880
1881
1879
1880
1881
1880
1881
1881
1883
1884
1885
1886
1887
1888
1889
1890
1891
1892
1884
1885
1886
1887
1888
1889
1890
1891
1892
1885
1886
1887
1888
1889
1890
1891
1892
1886
1887
1888
1889
1890
1891
1892
1887
1888
1889
1890
1891
1892
1888
1889
1890
1891
1892
1889
1890
1891
1892
1890
1891
1892
1891
1892
1892
1894
1895
1896
1897
1898
1899
1900
1901
1902
1903
1895
1896
1897
1898
1899
1900
1901
1902
1903
1896
1897
1898
1899
1900
1901
1902
1903
1897
1898
1899
1900
1901
1902
1903
1898
1899
1900
1901
1902
1903
1899
1900
1901
1902
1903
1900
1901
1902
1903
1901
1902
1903
1902
1903
1903
1905
1906
1907
1908
1909
1910
1911
1912
1913
1914
1906
1907
1908
1909
1910
1911
1912
1913
1914
1907
1908
1909
1910
1911
1912
1913
1914
1908
1909
1910
1911
1912
1913
1914
1909
1910
1911
1912
1913
1914
1910
1911
1912
1913
1914
1911
1912
1913
1914
1912
1913
1914
1913
1914
1914
1916
1917
1918
1919
1920
1921
1922
1923
1924
1925
1917
1918
1919
1920
1921
1922
1923
1924
1925
1918
1919
1920
1921
1922
1923
1924
1925
1919
1920
1921
1922
1923
1924
1925
1920
1921
1922
1923
1924
1925
1921
1922
1923
1924
1925
1922
1923
1924
1925
1923
1924
1925
1924
1925
1925
1927
1928
1929
1930
1931
1932
1933
1934
1935
1936
1928
1929
1930
1931
1932
1933
1934
1935
1936
1929
1930
1931
1932
1933
1934
1935
1936
1930
1931
1932
1933
1934
1935
1936
1931
1932
1933
1934
1935
1936
1932
1933
1934
1935
1936
1933
1934
1935
1936
1934
1935
1936
1935
1936
1936
1938
1939
1940
1941
1942
1943
1944
1945
1946
1947
1939
1940
1941
1942
1943
1944
1945
1946
1947
1940
1941
1942
1943
1944
1945
1946
1947
1941
1942
1943
1944
1945
1946
1947
1942
1943
1944
1945
1946
1947
1943
1944
1945
1946
1947
1944
1945
1946
1947
1945
1946
1947
1946
1947
1947
1949
1950
1951
1952
1953
1954
1955
1956
1957
1958
1950
1951
1952
1953
1954
1955
1956
1957
1958
1951
1952
1953
1954
1955
1956
1957
1958
1952
1953
1954
1955
1956
1957
1958
1953
1954
1955
1956
1957
1958
1954
1955
1956
1957
1958
1955
1956
1957
1958
1956
1957
1958
1957
1958
1958
1960
1961
1962
1963
1964
1965
1966
1967
1968
1969
1961
1962
1963
1964
1965
1966
1967
1968
1969
1962
1963
1964
1965
1966
1967
1968
1969
1963
1964
1965
1966
1967
1968
1969
1964
1965
1966
1967
1968
1969
1965
1966
1967
1968
1969
1966
1967
1968
1969
1967
1968
1969
1968
1969
1969
1971
1972
1973
1974
1975
1976
1977
1978
1979
1980
1972
1973
1974
1975
1976
1977
1978
1979
1980
1973
1974
1975
1976
1977
1978
1979
1980
1974
1975
1976
1977
1978
1979
1980
1975
1976
1977
1978
1979
1980
1976
1977
1978
1979
1980
1977
1978
1979
1980
1978
1979
1980
1979
1980
1980
1982
1983
1984
1985
1986
1987
1988
1989
1990
1991
1983
1984
1985
1986
1987
1988
1989
1990
1991
1984
1985
1986
1987
1988
1989
1990
1991
1985
1986
1987
1988
1989
1990
1991
1986
1987
1988
1989
1990
1991
1987
1988
1989
1990
1991
1988
1989
1990
1991
1989
1990
1991
1990
1991
1991
1993
1994
1995
1996
1997
1998
1999
2000
2001
2002
1994
1995
1996
1997
1998
1999
2000
2001
2002
1995
1996
1997
1998
1999
2000
2001
2002
1996
1997
1998
1999
2000
2001
2002
1997
1998
1999
2000
2001
2002
1998
1999
2000
2001
2002
1999
2000
2001
2002
2000
2001
2002
2001
2002
2002
2004
2005
2006
2007
2008
2009
2010
2011
2012
2013
2005
2006
2007
2008
2009
2010
2011
2012
2013
2006
2007
2008
2009
2010
2011
2012
2013
2007
2008
2009
2010
2011
2012
2013
2008
2009
2010
2011
2012
2013
2009
2010
2011
2012
2013
2010
2011
2012
2013
2011
2012
2013
2012
2013
2013
2015
2016
2017
2018
2019
2020
2021
2022
2023
2024
2016
2017
2018
2019
2020
2021
2022
2023
2024
2017
2018
2019
2020
2021
2022
2023
2024
2018
2019
2020
2021
2022
2023
2024
2019
2020
2021
2022
2023
2024
2020
2021
2022
2023
2024
2021
2022
2023
2024
2022
2023
2024
2023
2024
2024
2026
2027
2028
2029
2030
2031
2032
2033
2034
2035
2027
2028
2029
2030
2031
2032
2033
2034
2035
2028
2029
2030
2031
2032
2033
2034
2035
2029
2030
2031
2032
2033
2034
2035
2030
2031
2032
2033
2034
2035
2031
2032
2033
2034
2035
2032
2033
2034
2035
2033
2034
2035
2034
2035
2035
2037
2038
2039
2040
2041
2042
2043
2044
2045
2046
2038
2039
2040
2041
2042
2043
2044
2045
2046
2039
2040
2041
2042
2043
2044
2045
2046
2040
2041
2042
2043
2044
2045
2046
2041
2042
2043
2044
2045
2046
2042
2043
2044
2045
2046
2043
2044
2045
2046
2044
2045
2046
2045
2046
2046
2048
2049
2050
2051
2052
2053
2054
2055
2056
2057
2049
2050
2051
2052
2053
2054
2055
2056
2057
2050
2051
2052
2053
2054
2055
2056
2057
2051
2052
2053
2054
2055
2056
2057
2052
2053
2054
2055
2056
2057
2053
2054
2055
2056
2057
2054
2055
2056
2057
2055
2056
2057
2056
2057
2057
2059
2060
2061
2062
2063
2064
2065
2066
2067
2068
2060
2061
2062
2063
2064
2065
2066
2067
2068
2061
2062
2063
2064
2065
2066
2067
2068
2062
2063
2064
2065
2066
2067
2068
2063
2064
2065
2066
2067
2068
2064
2065
2066
2067
2068
2065
2066
2067
2068
2066
2067
2068
2067
2068
2068
2070
2071
2072
2073
2074
2075
2076
2077
2078
2079
2071
2072
2073
2074
2075
2076
2077
2078
2079
2072
2073
2074
2075
2076
2077
2078
2079
2073
2074
2075
2076
2077
2078
2079
2074
2075
2076
2077
2078
2079
2075
2076
2077
2078
2079
2076
2077
2078
2079
2077
2078
2079
2078
2079
2079
2081
2082
2083
2084
2085
2086
2087
2088
2089
2090
2082
2083
2084
2085
2086
2087
2088
2089
2090
2083
2084
2085
2086
2087
2088
2089
2090
2084
2085
2086
2087
2088
2089
2090
2085
2086
2087
2088
2089
2090
2086
2087
2088
2089
2090
2087
2088
2089
2090
2088
2089
2090
2089
2090
2090
2092
2093
2094
2095
2096
2097
2098
2099
2100
2101
2093
2094
2095
2096
2097
2098
2099
2100
2101
2094
2095
2096
2097
2098
2099
2100
2101
2095
2096
2097
2098
2099
2100
2101
2096
2097
2098
2099
2100
2101
2097
2098
2099
2100
2101
2098
2099
2100
2101
2099
2100
2101
2100
2101
2101
2103
2104
2105
2106
2107
2108
2109
2110
2111
2112
2104
2105
2106
2107
2108
2109
2110
2111
2112
2105
2106
2107
2108
2109
2110
2111
2112
2106
2107
2108
2109
2110
2111
2112
2107
2108
2109
2110
2111
2112
2108
2109
2110
2111
2112
2109
2110
2111
2112
2110
2111
2112
2111
2112
2112
2114
2115
2116
2117
2118
2119
2120
2121
2122
2123
2115
2116
2117
2118
2119
2120
2121
2122
2123
2116
2117
2118
2119
2120
2121
2122
2123
2117
2118
2119
2120
2121
2122
2123
2118
2119
2120
2121
2122
2123
2119
2120
2121
2122
2123
2120
2121
2122
2123
2121
2122
2123
2122
2123
2123
2125
2126
2127
2128
2129
2130
2131
2132
2133
2134
2126
2127
2128
2129
2130
2131
2132
2133
2134
2127
2128
2129
2130
2131
2132
2133
2134
2128
2129
2130
2131
2132
2133
2134
2129
2130
2131
2132
2133
2134
2130
2131
2132
2133
2134
2131
2132
2133
2134
2132
2133
2134
2133
2134
2134
2136
2137
2138
2139
2140
2141
2142
2143
2144
2145
2137
2138
2139
2140
2141
2142
2143
2144
2145
2138
2139
2140
2141
2142
2143
2144
2145
2139
2140
2141
2142
2143
2144
2145
2140
2141
2142
2143
2144
2145
2141
2142
2143
2144
2145
2142
2143
2144
2145
2143
2144
2145
2144
2145
2145
2147
2148
2149
2150
2151
2152
2153
2154
2155
2156
2148
2149
2150
2151
2152
2153
2154
2155
2156
2149
2150
2151
2152
2153
2154
2155
2156
2150
2151
2152
2153
2154
2155
2156
2151
2152
2153
2154
2155
2156
2152
2153
2154
2155
2156
2153
2154
2155
2156
2154
2155
2156
2155
2156
2156
2158
2159
2160
2161
2162
2163
2164
2165
2166
2167
2159
2160
2161
2162
2163
2164
2165
2166
2167
2160
2161
2162
2163
2164
2165
2166
2167
2161
2162
2163
2164
2165
2166
2167
2162
2163
2164
2165
2166
2167
2163
2164
2165
2166
2167
2164
2165
2166
2167
2165
2166
2167
2166
2167
2167
2169
2170
2171
2172
2173
2174
2175
2176
2177
2178
2170
2171
2172
2173
2174
2175
2176
2177
2178
2171
2172
2173
2174
2175
2176
2177
2178
2172
2173
2174
2175
2176
2177
2178
2173
2174
2175
2176
2177
2178
2174
2175
2176
2177
2178
2175
2176
2177
2178
2176
2177
2178
2177
2178
2178
2180
2181
2182
2183
2184
2185
2186
2187
2188
2189
2181
2182
2183
2184
2185
2186
2187
2188
2189
2182
2183
2184
2185
2186
2187
2188
2189
2183
2184
2185
2186
2187
2188
2189
2184
2185
2186
2187
2188
2189
2185
2186
2187
2188
2189
2186
2187
2188
2189
2187
2188
2189
2188
2189
2189
2191
2192
2193
2194
2195
2196
2197
2198
2199
2200
2192
2193
2194
2195
2196
2197
2198
2199
2200
2193
2194
2195
2196
2197
2198
2199
2200
2194
2195
2196
2197
2198
2199
2200
2195
2196
2197
2198
2199
2200
2196
2197
2198
2199
2200
2197
2198
2199
2200
2198
2199
2200
2199
2200
2200
2202
2203
2204
2205
2206
2207
2208
2209
2210
2211
2203
2204
2205
2206
2207
2208
2209
2210
2211
2204
2205
2206
2207
2208
2209
2210
2211
2205
2206
2207
2208
2209
2210
2211
2206
2207
2208
2209
2210
2211
2207
2208
2209
2210
2211
2208
2209
2210
2211
2209
2210
2211
2210
2211
2211
2213
2214
2215
2216
2217
2218
2219
2220
2221
2222
2214
2215
2216
2217
2218
2219
2220
2221
2222
2215
2216
2217
2218
2219
2220
2221
2222
2216
2217
2218
2219
2220
2221
2222
2217
2218
2219
2220
2221
2222
2218
2219
2220
2221
2222
2219
2220
2221
2222
2220
2221
2222
2221
2222
2222
2224
2225
2226
2227
2228
2229
2230
2231
2232
2233
2225
2226
2227
2228
2229
2230
2231
2232
2233
2226
2227
2228
2229
2230
2231
2232
2233
2227
2228
2229
2230
2231
2232
2233
2228
2229
2230
2231
2232
2233
2229
2230
2231
2232
2233
2230
2231
2232
2233
2231
2232
2233
2232
2233
2233
2235
2236
2237
2238
2239
2240
2241
2242
2243
2244
2236
2237
2238
2239
2240
2241
2242
2243
2244
2237
2238
2239
2240
2241
2242
2243
2244
2238
2239
2240
2241
2242
2243
2244
2239
2240
2241
2242
2243
2244
2240
2241
2242
2243
2244
2241
2242
2243
2244
2242
2243
2244
2243
2244
2244
2246
2247
2248
2249
2250
2251
2252
2253
2254
2255
2247
2248
2249
2250
2251
2252
2253
2254
2255
2248
2249
2250
2251
2252
2253
2254
2255
2249
2250
2251
2252
2253
2254
2255
2250
2251
2252
2253
2254
2255
2251
2252
2253
2254
2255
2252
2253
2254
2255
2253
2254
2255
2254
2255
2255
2257
2258
2259
2260
2261
2262
2263
2264
2265
2266
2258
2259
2260
2261
2262
2263
2264
2265
2266
2259
2260
2261
2262
2263
2264
2265
2266
2260
2261
2262
2263
2264
2265
2266
2261
2262
2263
2264
2265
2266
2262
2263
2264
2265
2266
2263
2264
2265
2266
2264
2265
2266
2265
2266
2266
2268
2269
2270
2271
2272
2273
2274
2275
2276
2277
2269
2270
2271
2272
2273
2274
2275
2276
2277
2270
2271
2272
2273
2274
2275
2276
2277
2271
2272
2273
2274
2275
2276
2277
2272
2273
2274
2275
2276
2277
2273
2274
2275
2276
2277
2274
2275
2276
2277
2275
2276
2277
2276
2277
2277
2279
2280
2281
2282
2283
2284
2285
2286
2287
2288
2280
2281
2282
2283
2284
2285
2286
2287
2288
2281
2282
2283
2284
2285
2286
2287
2288
2282
2283
2284
2285
2286
2287
2288
2283
2284
2285
2286
2287
2288
2284
2285
2286
2287
2288
2285
2286
2287
2288
2286
2287
2288
2287
2288
2288
2290
2291
2292
2293
2294
2295
2296
2297
2298
2299
2291
2292
2293
2294
2295
2296
2297
2298
2299
2292
2293
2294
2295
2296
2297
2298
2299
2293
2294
2295
2296
2297
2298
2299
2294
2295
2296
2297
2298
2299
2295
2296
2297
2298
2299
2296
2297
2298
2299
2297
2298
2299
2298
2299
2299
2301
2302
2303
2304
2305
2306
2307
2308
2309
2310
2302
2303
2304
2305
2306
2307
2308
2309
2310
2303
2304
2305
2306
2307
2308
2309
2310
2304
2305
2306
2307
2308
2309
2310
2305
2306
2307
2308
2309
2310
2306
2307
2308
2309
2310
2307
2308
2309
2310
2308
2309
2310
2309
2310
2310
2312
2313
2314
2315
2316
2317
2318
2319
2320
2321
2313
2314
2315
2316
2317
2318
2319
2320
2321
2314
2315
2316
2317
2318
2319
2320
2321
2315
2316
2317
2318
2319
2320
2321
2316
2317
2318
2319
2320
2321
2317
2318
2319
2320
2321
2318
2319
2320
2321
2319
2320
2321
2320
2321
2321
2323
2324
2325
2326
2327
2328
2329
2330
2331
2332
2324
2325
2326
2327
2328
2329
2330
2331
2332
2325
2326
2327
2328
2329
2330
2331
2332
2326
2327
2328
2329
2330
2331
2332
2327
2328
2329
2330
2331
2332
2328
2329
2330
2331
2332
2329
2330
2331
2332
2330
2331
2332
2331
2332
2332
2334
2335
2336
2337
2338
2339
2340
2341
2342
2343
2335
2336
2337
2338
2339
2340
2341
2342
2343
2336
2337
2338
2339
2340
2341
2342
2343
2337
2338
2339
2340
2341
2342
2343
2338
2339
2340
2341
2342
2343
2339
2340
2341
2342
2343
2340
2341
2342
2343
2341
2342
2343
2342
2343
2343
2345
2346
2347
2348
2349
2350
2351
2352
2353
2354
2346
2347
2348
2349
2350
2351
2352
2353
2354
2347
2348
2349
2350
2351
2352
2353
2354
2348
2349
2350
2351
2352
2353
2354
2349
2350
2351
2352
2353
2354
2350
2351
2352
2353
2354
2351
2352
2353
2354
2352
2353
2354
2353
2354
2354
2356
2357
2358
2359
2360
2361
2362
2363
2364
2365
2357
2358
2359
2360
2361
2362
2363
2364
2365
2358
2359
2360
2361
2362
2363
2364
2365
2359
2360
2361
2362
2363
2364
2365
2360
2361
2362
2363
2364
2365
2361
2362
2363
2364
2365
2362
2363
2364
2365
2363
2364
2365
2364
2365
2365
2367
2368
2369
2370
2371
2372
2373
2374
2375
2376
2368
2369
2370
2371
2372
2373
2374
2375
2376
2369
2370
2371
2372
2373
2374
2375
2376
2370
2371
2372
2373
2374
2375
2376
2371
2372
2373
2374
2375
2376
2372
2373
2374
2375
2376
2373
2374
2375
2376
2374
2375
2376
2375
2376
2376
2378
2379
2380
2381
2382
2383
2384
2385
2386
2387
2379
2380
2381
2382
2383
2384
2385
2386
2387
2380
2381
2382
2383
2384
2385
2386
2387
2381
2382
2383
2384
2385
2386
2387
2382
2383
2384
2385
2386
2387
2383
2384
2385
2386
2387
2384
2385
2386
2387
2385
2386
2387
2386
2387
2387
2389
2390
2391
2392
2393
2394
2395
2396
2397
2398
2390
2391
2392
2393
2394
2395
2396
2397
2398
2391
2392
2393
2394
2395
2396
2397
2398
2392
2393
2394
2395
2396
2397
2398
2393
2394
2395
2396
2397
2398
2394
2395
2396
2397
2398
2395
2396
2397
2398
2396
2397
2398
2397
2398
2398
2400
2401
2402
2403
2404
2405
2406
2407
2408
2409
2401
2402
2403
2404
2405
2406
2407
2408
2409
2402
2403
2404
2405
2406
2407
2408
2409
2403
2404
2405
2406
2407
2408
2409
2404
2405
2406
2407
2408
2409
2405
2406
2407
2408
2409
2406
2407
2408
2409
2407
2408
2409
2408
2409
2409
2411
2412
2413
2414
2415
2416
2417
2418
2419
2420
2412
2413
2414
2415
2416
2417
2418
2419
2420
2413
2414
2415
2416
2417
2418
2419
2420
2414
2415
2416
2417
2418
2419
2420
2415
2416
2417
2418
2419
2420
2416
2417
2418
2419
2420
2417
2418
2419
2420
2418
2419
2420
2419
2420
2420
2422
2423
2424
2425
2426
2427
2428
2429
2430
2431
2423
2424
2425
2426
2427
2428
2429
2430
2431
2424
2425
2426
2427
2428
2429
2430
2431
2425
2426
2427
2428
2429
2430
2431
2426
2427
2428
2429
2430
2431
2427
2428
2429
2430
2431
2428
2429
2430
2431
2429
2430
2431
2430
2431
2431
2433
2434
2435
2436
2437
2438
2439
2440
2441
2442
2434
2435
2436
2437
2438
2439
2440
2441
2442
2435
2436
2437
2438
2439
2440
2441
2442
2436
2437
2438
2439
2440
2441
2442
2437
2438
2439
2440
2441
2442
2438
2439
2440
2441
2442
2439
2440
2441
2442
2440
2441
2442
2441
2442
2442
2444
2445
2446
2447
2448
2449
2450
2451
2452
2453
2445
2446
2447
2448
2449
2450
2451
2452
2453
2446
2447
2448
2449
2450
2451
2452
2453
2447
2448
2449
2450
2451
2452
2453
2448
2449
2450
2451
2452
2453
2449
2450
2451
2452
2453
2450
2451
2452
2453
2451
2452
2453
2452
2453
2453
2455
2456
2457
2458
2459
2460
2461
2462
2463
2464
2456
2457
2458
2459
2460
2461
2462
2463
2464
2457
2458
2459
2460
2461
2462
2463
2464
2458
2459
2460
2461
2462
2463
2464
2459
2460
2461
2462
2463
2464
2460
2461
2462
2463
2464
2461
2462
2463
2464
2462
2463
2464
2463
2464
2464
2466
2467
2468
2469
2470
2471
2472
2473
2474
2475
2467
2468
2469
2470
2471
2472
2473
2474
2475
2468
2469
2470
2471
2472
2473
2474
2475
2469
2470
2471
2472
2473
2474
2475
2470
2471
2472
2473
2474
2475
2471
2472
2473
2474
2475
2472
2473
2474
2475
2473
2474
2475
2474
2475
2475
2477
2478
2479
2480
2481
2482
2483
2484
2485
2486
2478
2479
2480
2481
2482
2483
2484
2485
2486
2479
2480
2481
2482
2483
2484
2485
2486
2480
2481
2482
2483
2484
2485
2486
2481
2482
2483
2484
2485
2486
2482
2483
2484
2485
2486
2483
2484
2485
2486
2484
2485
2486
2485
2486
2486
2488
2489
2490
2491
2492
2493
2494
2495
2496
2497
2489
2490
2491
2492
2493
2494
2495
2496
2497
2490
2491
2492
2493
2494
2495
2496
2497
2491
2492
2493
2494
2495
2496
2497
2492
2493
2494
2495
2496
2497
2493
2494
2495
2496
2497
2494
2495
2496
2497
2495
2496
2497
2496
2497
2497
2499
2500
2501
2502
2503
2504
2505
2506
2507
2508
2500
2501
2502
2503
2504
2505
2506
2507
2508
2501
2502
2503
2504
2505
2506
2507
2508
2502
2503
2504
2505
2506
2507
2508
2503
2504
2505
2506
2507
2508
2504
2505
2506
2507
2508
2505
2506
2507
2508
2506
2507
2508
2507
2508
2508
2510
2511
2512
2513
2514
2515
2516
2517
2518
2519
2511
2512
2513
2514
2515
2516
2517
2518
2519
2512
2513
2514
2515
2516
2517
2518
2519
2513
2514
2515
2516
2517
2518
2519
2514
2515
2516
2517
2518
2519
2515
2516
2517
2518
2519
2516
2517
2518
2519
2517
2518
2519
2518
2519
2519
2521
2522
2523
2524
2525
2526
2527
2528
2529
2530
2522
2523
2524
2525
2526
2527
2528
2529
2530
2523
2524
2525
2526
2527
2528
2529
2530
2524
2525
2526
2527
2528
2529
2530
2525
2526
2527
2528
2529
2530
2526
2527
2528
2529
2530
2527
2528
2529
2530
2528
2529
2530
2529
2530
2530
2532
2533
2534
2535
2536
2537
2538
2539
2540
2541
2533
2534
2535
2536
2537
2538
2539
2540
2541
2534
2535
2536
2537
2538
2539
2540
2541
2535
2536
2537
2538
2539
2540
2541
2536
2537
2538
2539
2540
2541
2537
2538
2539
2540
2541
2538
2539
2540
2541
2539
2540
2541
2540
2541
2541
2543
2544
2545
2546
2547
2548
2549
2550
2551
2552
2544
2545
2546
2547
2548
2549
2550
2551
2552
2545
2546
2547
2548
2549
2550
2551
2552
2546
2547
2548
2549
2550
2551
2552
2547
2548
2549
2550
2551
2552
2548
2549
2550
2551
2552
2549
2550
2551
2552
2550
2551
2552
2551
2552
2552
2554
2555
2556
2557
2558
2559
2560
2561
2562
2563
2555
2556
2557
2558
2559
2560
2561
2562
2563
2556
2557
2558
2559
2560
2561
2562
2563
2557
2558
2559
2560
2561
2562
2563
2558
2559
2560
2561
2562
2563
2559
2560
2561
2562
2563
2560
2561
2562
2563
2561
2562
2563
2562
2563
2563
2565
2566
2567
2568
2569
2570
2571
2572
2573
2574
2566
2567
2568
2569
2570
2571
2572
2573
2574
2567
2568
2569
2570
2571
2572
2573
2574
2568
2569
2570
2571
2572
2573
2574
2569
2570
2571
2572
2573
2574
2570
2571
2572
2573
2574
2571
2572
2573
2574
2572
2573
2574
2573
2574
2574
2576
2577
2578
2579
2580
2581
2582
2583
2584
2585
2577
2578
2579
2580
2581
2582
2583
2584
2585
2578
2579
2580
2581
2582
2583
2584
2585
2579
2580
2581
2582
2583
2584
2585
2580
2581
2582
2583
2584
2585
2581
2582
2583
2584
2585
2582
2583
2584
2585
2583
2584
2585
2584
2585
2585
2587
2588
2589
2590
2591
2592
2593
2594
2595
2596
2588
2589
2590
2591
2592
2593
2594
2595
2596
2589
2590
2591
2592
2593
2594
2595
2596
2590
2591
2592
2593
2594
2595
2596
2591
2592
2593
2594
2595
2596
2592
2593
2594
2595
2596
2593
2594
2595
2596
2594
2595
2596
2595
2596
2596
2598
2599
2600
2601
2602
2603
2604
2605
2606
2607
2599
2600
2601
2602
2603
2604
2605
2606
2607
2600
2601
2602
2603
2604
2605
2606
2607
2601
2602
2603
2604
2605
2606
2607
2602
2603
2604
2605
2606
2607
2603
2604
2605
2606
2607
2604
2605
2606
2607
2605
2606
2607
2606
2607
2607
2609
2610
2611
2612
2613
2614
2615
2616
2617
2618
2610
2611
2612
2613
2614
2615
2616
2617
2618
2611
2612
2613
2614
2615
2616
2617
2618
2612
2613
2614
2615
2616
2617
2618
2613
2614
2615
2616
2617
2618
2614
2615
2616
2617
2618
2615
2616
2617
2618
2616
2617
2618
2617
2618
2618
2620
2621
2622
2623
2624
2625
2626
2627
2628
2629
2621
2622
2623
2624
2625
2626
2627
2628
2629
2622
2623
2624
2625
2626
2627
2628
2629
2623
2624
2625
2626
2627
2628
2629
2624
2625
2626
2627
2628
2629
2625
2626
2627
2628
2629
2626
2627
2628
2629
2627
2628
2629
2628
2629
2629
2631
2632
2633
2634
2635
2636
2637
2638
2639
2640
2632
2633
2634
2635
2636
2637
2638
2639
2640
2633
2634
2635
2636
2637
2638
2639
2640
2634
2635
2636
2637
2638
2639
2640
2635
2636
2637
2638
2639
2640
2636
2637
2638
2639
2640
2637
2638
2639
2640
2638
2639
2640
2639
2640
2640
2642
2643
2644
2645
2646
2647
2648
2649
2650
2651
2643
2644
2645
2646
2647
2648
2649
2650
2651
2644
2645
2646
2647
2648
2649
2650
2651
2645
2646
2647
2648
2649
2650
2651
2646
2647
2648
2649
2650
2651
2647
2648
2649
2650
2651
2648
2649
2650
2651
2649
2650
2651
2650
2651
2651
2653
2654
2655
2656
2657
2658
2659
2660
2661
2662
2654
2655
2656
2657
2658
2659
2660
2661
2662
2655
2656
2657
2658
2659
2660
2661
2662
2656
2657
2658
2659
2660
2661
2662
2657
2658
2659
2660
2661
2662
2658
2659
2660
2661
2662
2659
2660
2661
2662
2660
2661
2662
2661
2662
2662
2664
2665
2666
2667
2668
2669
2670
2671
2672
2673
2665
2666
2667
2668
2669
2670
2671
2672
2673
2666
2667
2668
2669
2670
2671
2672
2673
2667
2668
2669
2670
2671
2672
2673
2668
2669
2670
2671
2672
2673
2669
2670
2671
2672
2673
2670
2671
2672
2673
2671
2672
2673
2672
2673
2673
2675
2676
2677
2678
2679
2680
2681
2682
2683
2684
2676
2677
2678
2679
2680
2681
2682
2683
2684
2677
2678
2679
2680
2681
2682
2683
2684
2678
2679
2680
2681
2682
2683
2684
2679
2680
2681
2682
2683
2684
2680
2681
2682
2683
2684
2681
2682
2683
2684
2682
2683
2684
2683
2684
2684
2686
2687
2688
2689
2690
2691
2692
2693
2694
2695
2687
2688
2689
2690
2691
2692
2693
2694
2695
2688
2689
2690
2691
2692
2693
2694
2695
2689
2690
2691
2692
2693
2694
2695
2690
2691
2692
2693
2694
2695
2691
2692
2693
2694
2695
2692
2693
2694
2695
2693
2694
2695
2694
2695
2695
2697
2698
2699
2700
2701
2702
2703
2704
2705
2706
2698
2699
2700
2701
2702
2703
2704
2705
2706
2699
2700
2701
2702
2703
2704
2705
2706
2700
2701
2702
2703
2704
2705
2706
2701
2702
2703
2704
2705
2706
2702
2703
2704
2705
2706
2703
2704
2705
2706
2704
2705
2706
2705
2706
2706
2708
2709
2710
2711
2712
2713
2714
2715
2716
2717
2709
2710
2711
2712
2713
2714
2715
2716
2717
2710
2711
2712
2713
2714
2715
2716
2717
2711
2712
2713
2714
2715
2716
2717
2712
2713
2714
2715
2716
2717
2713
2714
2715
2716
2717
2714
2715
2716
2717
2715
2716
2717
2716
2717
2717
2719
2720
2721
2722
2723
2724
2725
2726
2727
2728
2720
2721
2722
2723
2724
2725
2726
2727
2728
2721
2722
2723
2724
2725
2726
2727
2728
2722
2723
2724
2725
2726
2727
2728
2723
2724
2725
2726
2727
2728
2724
2725
2726
2727
2728
2725
2726
2727
2728
2726
2727
2728
2727
2728
2728
2730
2731
2732
2733
2734
2735
2736
2737
2738
2739
2731
2732
2733
2734
2735
2736
2737
2738
2739
2732
2733
2734
2735
2736
2737
2738
2739
2733
2734
2735
2736
2737
2738
2739
2734
2735
2736
2737
2738
2739
2735
2736
2737
2738
2739
2736
2737
2738
2739
2737
2738
2739
2738
2739
2739
2741
2742
2743
2744
2745
2746
2747
2748
2749
2750
2742
2743
2744
2745
2746
2747
2748
2749
2750
2743
2744
2745
2746
2747
2748
2749
2750
2744
2745
2746
2747
2748
2749
2750
2745
2746
2747
2748
2749
2750
2746
2747
2748
2749
2750
2747
2748
2749
2750
2748
2749
2750
2749
2750
2750
2752
2753
2754
2755
2756
2757
2758
2759
2760
2761
2753
2754
2755
2756
2757
2758
2759
2760
2761
2754
2755
2756
2757
2758
2759
2760
2761
2755
2756
2757
2758
2759
2760
2761
2756
2757
2758
2759
2760
2761
2757
2758
2759
2760
2761
2758
2759
2760
2761
2759
2760
2761
2760
2761
2761
2763
2764
2765
2766
2767
2768
2769
2770
2771
2772
2764
2765
2766
2767
2768
2769
2770
2771
2772
2765
2766
2767
2768
2769
2770
2771
2772
2766
2767
2768
2769
2770
2771
2772
2767
2768
2769
2770
2771
2772
2768
2769
2770
2771
2772
2769
2770
2771
2772
2770
2771
2772
2771
2772
2772
2774
2775
2776
2777
2778
2779
2780
2781
2782
2783
2775
2776
2777
2778
2779
2780
2781
2782
2783
2776
2777
2778
2779
2780
2781
2782
2783
2777
2778
2779
2780
2781
2782
2783
2778
2779
2780
2781
2782
2783
2779
2780
2781
2782
2783
2780
2781
2782
2783
2781
2782
2783
2782
2783
2783
2785
2786
2787
2788
2789
2790
2791
2792
2793
2794
2786
2787
2788
2789
2790
2791
2792
2793
2794
2787
2788
2789
2790
2791
2792
2793
2794
2788
2789
2790
2791
2792
2793
2794
2789
2790
2791
2792
2793
2794
2790
2791
2792
2793
2794
2791
2792
2793
2794
2792
2793
2794
2793
2794
2794
2796
2797
2798
2799
2800
2801
2802
2803
2804
2805
2797
2798
2799
2800
2801
2802
2803
2804
2805
2798
2799
2800
2801
2802
2803
2804
2805
2799
2800
2801
2802
2803
2804
2805
2800
2801
2802
2803
2804
2805
2801
2802
2803
2804
2805
2802
2803
2804
2805
2803
2804
2805
2804
2805
2805
2807
2808
2809
2810
2811
2812
2813
2814
2815
2816
2808
2809
2810
2811
2812
2813
2814
2815
2816
2809
2810
2811
2812
2813
2814
2815
2816
2810
2811
2812
2813
2814
2815
2816
2811
2812
2813
2814
2815
2816
2812
2813
2814
2815
2816
2813
2814
2815
2816
2814
2815
2816
2815
2816
2816
2818
2819
2820
2821
2822
2823
2824
2825
2826
2827
2819
2820
2821
2822
2823
2824
2825
2826
2827
2820
2821
2822
2823
2824
2825
2826
2827
2821
2822
2823
2824
2825
2826
2827
2822
2823
2824
2825
2826
2827
2823
2824
2825
2826
2827
2824
2825
2826
2827
2825
2826
2827
2826
2827
2827
2829
2830
2831
2832
2833
2834
2835
2836
2837
2838
2830
2831
2832
2833
2834
2835
2836
2837
2838
2831
2832
2833
2834
2835
2836
2837
2838
2832
2833
2834
2835
2836
2837
2838
2833
2834
2835
2836
2837
2838
2834
2835
2836
2837
2838
2835
2836
2837
2838
2836
2837
2838
2837
2838
2838
2840
2841
2842
2843
2844
2845
2846
2847
2848
2849
2841
2842
2843
2844
2845
2846
2847
2848
2849
2842
2843
2844
2845
2846
2847
2848
2849
2843
2844
2845
2846
2847
2848
2849
2844
2845
2846
2847
2848
2849
2845
2846
2847
2848
2849
2846
2847
2848
2849
2847
2848
2849
2848
2849
2849
2851
2852
2853
2854
2855
2856
2857
2858
2859
2860
2852
2853
2854
2855
2856
2857
2858
2859
2860
2853
2854
2855
2856
2857
2858
2859
2860
2854
2855
2856
2857
2858
2859
2860
2855
2856
2857
2858
2859
2860
2856
2857
2858
2859
2860
2857
2858
2859
2860
2858
2859
2860
2859
2860
2860
2862
2863
2864
2865
2866
2867
2868
2869
2870
2871
2863
2864
2865
2866
2867
2868
2869
2870
2871
2864
2865
2866
2867
2868
2869
2870
2871
2865
2866
2867
2868
2869
2870
2871
2866
2867
2868
2869
2870
2871
2867
2868
2869
2870
2871
2868
2869
2870
2871
2869
2870
2871
2870
2871
2871
2873
2874
2875
2876
2877
2878
2879
2880
2881
2882
2874
2875
2876
2877
2878
2879
2880
2881
2882
2875
2876
2877
2878
2879
2880
2881
2882
2876
2877
2878
2879
2880
2881
2882
2877
2878
2879
2880
2881
2882
2878
2879
2880
2881
2882
2879
2880
2881
2882
2880
2881
2882
2881
2882
2882
2884
2885
2886
2887
2888
2889
2890
2891
2892
2893
2885
2886
2887
2888
2889
2890
2891
2892
2893
2886
2887
2888
2889
2890
2891
2892
2893
2887
2888
2889
2890
2891
2892
2893
2888
2889
2890
2891
2892
2893
2889
2890
2891
2892
2893
2890
2891
2892
2893
2891
2892
2893
2892
2893
2893
2895
2896
2897
2898
2899
2900
2901
2902
2903
2904
2896
2897
2898
2899
2900
2901
2902
2903
2904
2897
2898
2899
2900
2901
2902
2903
2904
2898
2899
2900
2901
2902
2903
2904
2899
2900
2901
2902
2903
2904
2900
2901
2902
2903
2904
2901
2902
2903
2904
2902
2903
2904
2903
2904
2904
2906
2907
2908
2909
2910
2911
2912
2913
2914
2915
2907
2908
2909
2910
2911
2912
2913
2914
2915
2908
2909
2910
2911
2912
2913
2914
2915
2909
2910
2911
2912
2913
2914
2915
2910
2911
2912
2913
2914
2915
2911
2912
2913
2914
2915
2912
2913
2914
2915
2913
2914
2915
2914
2915
2915
2917
2918
2919
2920
2921
2922
2923
2924
2925
2926
2918
2919
2920
2921
2922
2923
2924
2925
2926
2919
2920
2921
2922
2923
2924
2925
2926
2920
2921
2922
2923
2924
2925
2926
2921
2922
2923
2924
2925
2926
2922
2923
2924
2925
2926
2923
2924
2925
2926
2924
2925
2926
2925
2926
2926
2928
2929
2930
2931
2932
2933
2934
2935
2936
2937
2929
2930
2931
2932
2933
2934
2935
2936
2937
2930
2931
2932
2933
2934
2935
2936
2937
2931
2932
2933
2934
2935
2936
2937
2932
2933
2934
2935
2936
2937
2933
2934
2935
2936
2937
2934
2935
2936
2937
2935
2936
2937
2936
2937
2937
2939
2940
2941
2942
2943
2944
2945
2946
2947
2948
2940
2941
2942
2943
2944
2945
2946
2947
2948
2941
2942
2943
2944
2945
2946
2947
2948
2942
2943
2944
2945
2946
2947
2948
2943
2944
2945
2946
2947
2948
2944
2945
2946
2947
2948
2945
2946
2947
2948
2946
2947
2948
2947
2948
2948
2950
2951
2952
2953
2954
2955
2956
2957
2958
2959
2951
2952
2953
2954
2955
2956
2957
2958
2959
2952
2953
2954
2955
2956
2957
2958
2959
2953
2954
2955
2956
2957
2958
2959
2954
2955
2956
2957
2958
2959
2955
2956
2957
2958
2959
2956
2957
2958
2959
2957
2958
2959
2958
2959
2959
2961
2962
2963
2964
2965
2966
2967
2968
2969
2970
2962
2963
2964
2965
2966
2967
2968
2969
2970
2963
2964
2965
2966
2967
2968
2969
2970
2964
2965
2966
2967
2968
2969
2970
2965
2966
2967
2968
2969
2970
2966
2967
2968
2969
2970
2967
2968
2969
2970
2968
2969
2970
2969
2970
2970
2972
2973
2974
2975
2976
2977
2978
2979
2980
2981
2973
2974
2975
2976
2977
2978
2979
2980
2981
2974
2975
2976
2977
2978
2979
2980
2981
2975
2976
2977
2978
2979
2980
2981
2976
2977
2978
2979
2980
2981
2977
2978
2979
2980
2981
2978
2979
2980
2981
2979
2980
2981
2980
2981
2981
2983
2984
2985
2986
2987
2988
2989
2990
2991
2992
2984
2985
2986
2987
2988
2989
2990
2991
2992
2985
2986
2987
2988
2989
2990
2991
2992
2986
2987
2988
2989
2990
2991
2992
2987
2988
2989
2990
2991
2992
2988
2989
2990
2991
2992
2989
2990
2991
2992
2990
2991
2992
2991
2992
2992
2994
2995
2996
2997
2998
2999
3000
3001
3002
3003
2995
2996
2997
2998
2999
3000
3001
3002
3003
2996
2997
2998
2999
3000
3001
3002
3003
2997
2998
2999
3000
3001
3002
3003
2998
2999
3000
3001
3002
3003
2999
3000
3001
3002
3003
3000
3001
3002
3003
3001
3002
3003
3002
3003
3003
3005
3006
3007
3008
3009
3010
3011
3012
3013
3014
3006
3007
3008
3009
3010
3011
3012
3013
3014
3007
3008
3009
3010
3011
3012
3013
3014
3008
3009
3010
3011
3012
3013
3014
3009
3010
3011
3012
3013
3014
3010
3011
3012
3013
3014
3011
3012
3013
3014
3012
3013
3014
3013
3014
3014
3016
3017
3018
3019
3020
3021
3022
3023
3024
3025
3017
3018
3019
3020
3021
3022
3023
3024
3025
3018
3019
3020
3021
3022
3023
3024
3025
3019
3020
3021
3022
3023
3024
3025
3020
3021
3022
3023
3024
3025
3021
3022
3023
3024
3025
3022
3023
3024
3025
3023
3024
3025
3024
3025
3025
3027
3028
3029
3030
3031
3032
3033
3034
3035
3036
3028
3029
3030
3031
3032
3033
3034
3035
3036
3029
3030
3031
3032
3033
3034
3035
3036
3030
3031
3032
3033
3034
3035
3036
3031
3032
3033
3034
3035
3036
3032
3033
3034
3035
3036
3033
3034
3035
3036
3034
3035
3036
3035
3036
3036
3038
3039
3040
3041
3042
3043
3044
3045
3046
3047
3039
3040
3041
3042
3043
3044
3045
3046
3047
3040
3041
3042
3043
3044
3045
3046
3047
3041
3042
3043
3044
3045
3046
3047
3042
3043
3044
3045
3046
3047
3043
3044
3045
3046
3047
3044
3045
3046
3047
3045
3046
3047
3046
3047
3047
3049
3050
3051
3052
3053
3054
3055
3056
3057
3058
3050
3051
3052
3053
3054
3055
3056
3057
3058
3051
3052
3053
3054
3055
3056
3057
3058
3052
3053
3054
3055
3056
3057
3058
3053
3054
3055
3056
3057
3058
3054
3055
3056
3057
3058
3055
3056
3057
3058
3056
3057
3058
3057
3058
3058
3060
3061
3062
3063
3064
3065
3066
3067
3068
3069
3061
3062
3063
3064
3065
3066
3067
3068
3069
3062
3063
3064
3065
3066
3067
3068
3069
3063
3064
3065
3066
3067
3068
3069
3064
3065
3066
3067
3068
3069
3065
3066
3067
3068
3069
3066
3067
3068
3069
3067
3068
3069
3068
3069
3069
3071
3072
3073
3074
3075
3076
3077
3078
3079
3080
3072
3073
3074
3075
3076
3077
3078
3079
3080
3073
3074
3075
3076
3077
3078
3079
3080
3074
3075
3076
3077
3078
3079
3080
3075
3076
3077
3078
3079
3080
3076
3077
3078
3079
3080
3077
3078
3079
3080
3078
3079
3080
3079
3080
3080
3082
3083
3084
3085
3086
3087
3088
3089
3090
3091
3083
3084
3085
3086
3087
3088
3089
3090
3091
3084
3085
3086
3087
3088
3089
3090
3091
3085
3086
3087
3088
3089
3090
3091
3086
3087
3088
3089
3090
3091
3087
3088
3089
3090
3091
3088
3089
3090
3091
3089
3090
3091
3090
3091
3091
3093
3094
3095
3096
3097
3098
3099
3100
3101
3102
3094
3095
3096
3097
3098
3099
3100
3101
3102
3095
3096
3097
3098
3099
3100
3101
3102
3096
3097
3098
3099
3100
3101
3102
3097
3098
3099
3100
3101
3102
3098
3099
3100
3101
3102
3099
3100
3101
3102
3100
3101
3102
3101
3102
3102
3104
3105
3106
3107
3108
3109
3110
3111
3112
3113
3105
3106
3107
3108
3109
3110
3111
3112
3113
3106
3107
3108
3109
3110
3111
3112
3113
3107
3108
3109
3110
3111
3112
3113
3108
3109
3110
3111
3112
3113
3109
3110
3111
3112
3113
3110
3111
3112
3113
3111
3112
3113
3112
3113
3113
3115
3116
3117
3118
3119
3120
3121
3122
3123
3124
3116
3117
3118
3119
3120
3121
3122
3123
3124
3117
3118
3119
3120
3121
3122
3123
3124
3118
3119
3120
3121
3122
3123
3124
3119
3120
3121
3122
3123
3124
3120
3121
3122
3123
3124
3121
3122
3123
3124
3122
3123
3124
3123
3124
3124
3126
3127
3128
3129
3130
3131
3132
3133
3134
3135
3127
3128
3129
3130
3131
3132
3133
3134
3135
3128
3129
3130
3131
3132
3133
3134
3135
3129
3130
3131
3132
3133
3134
3135
3130
3131
3132
3133
3134
3135
3131
3132
3133
3134
3135
3132
3133
3134
3135
3133
3134
3135
3134
3135
3135
3137
3138
3139
3140
3141
3142
3143
3144
3145
3146
3138
3139
3140
3141
3142
3143
3144
3145
3146
3139
3140
3141
3142
3143
3144
3145
3146
3140
3141
3142
3143
3144
3145
3146
3141
3142
3143
3144
3145
3146
3142
3143
3144
3145
3146
3143
3144
3145
3146
3144
3145
3146
3145
3146
3146
3148
3149
3150
3151
3152
3153
3154
3155
3156
3157
3149
3150
3151
3152
3153
3154
3155
3156
3157
3150
3151
3152
3153
3154
3155
3156
3157
3151
3152
3153
3154
3155
3156
3157
3152
3153
3154
3155
3156
3157
3153
3154
3155
3156
3157
3154
3155
3156
3157
3155
3156
3157
3156
3157
3157
3159
3160
3161
3162
3163
3164
3165
3166
3167
3168
3160
3161
3162
3163
3164
3165
3166
3167
3168
3161
3162
3163
3164
3165
3166
3167
3168
3162
3163
3164
3165
3166
3167
3168
3163
3164
3165
3166
3167
3168
3164
3165
3166
3167
3168
3165
3166
3167
3168
3166
3167
3168
3167
3168
3168
3170
3171
3172
3173
3174
3175
3176
3177
3178
3179
3171
3172
3173
3174
3175
3176
3177
3178
3179
3172
3173
3174
3175
3176
3177
3178
3179
3173
3174
3175
3176
3177
3178
3179
3174
3175
3176
3177
3178
3179
3175
3176
3177
3178
3179
3176
3177
3178
3179
3177
3178
3179
3178
3179
3179
3181
3182
3183
3184
3185
3186
3187
3188
3189
3190
3182
3183
3184
3185
3186
3187
3188
3189
3190
3183
3184
3185
3186
3187
3188
3189
3190
3184
3185
3186
3187
3188
3189
3190
3185
3186
3187
3188
3189
3190
3186
3187
3188
3189
3190
3187
3188
3189
3190
3188
3189
3190
3189
3190
3190
3192
3193
3194
3195
3196
3197
3198
3199
3200
3201
3193
3194
3195
3196
3197
3198
3199
3200
3201
3194
3195
3196
3197
3198
3199
3200
3201
3195
3196
3197
3198
3199
3200
3201
3196
3197
3198
3199
3200
3201
3197
3198
3199
3200
3201
3198
3199
3200
3201
3199
3200
3201
3200
3201
3201
3203
3204
3205
3206
3207
3208
3209
3210
3211
3212
3204
3205
3206
3207
3208
3209
3210
3211
3212
3205
3206
3207
3208
3209
3210
3211
3212
3206
3207
3208
3209
3210
3211
3212
3207
3208
3209
3210
3211
3212
3208
3209
3210
3211
3212
3209
3210
3211
3212
3210
3211
3212
3211
3212
3212
3214
3215
3216
3217
3218
3219
3220
3221
3222
3223
3215
3216
3217
3218
3219
3220
3221
3222
3223
3216
3217
3218
3219
3220
3221
3222
3223
3217
3218
3219
3220
3221
3222
3223
3218
3219
3220
3221
3222
3223
3219
3220
3221
3222
3223
3220
3221
3222
3223
3221
3222
3223
3222
3223
3223
3225
3226
3227
3228
3229
3230
3231
3232
3233
3234
3226
3227
3228
3229
3230
3231
3232
3233
3234
3227
3228
3229
3230
3231
3232
3233
3234
3228
3229
3230
3231
3232
3233
3234
3229
3230
3231
3232
3233
3234
3230
3231
3232
3233
3234
3231
3232
3233
3234
3232
3233
3234
3233
3234
3234
3236
3237
3238
3239
3240
3241
3242
3243
3244
3245
3237
3238
3239
3240
3241
3242
3243
3244
3245
3238
3239
3240
3241
3242
3243
3244
3245
3239
3240
3241
3242
3243
3244
3245
3240
3241
3242
3243
3244
3245
3241
3242
3243
3244
3245
3242
3243
3244
3245
3243
3244
3245
3244
3245
3245
3247
3248
3249
3250
3251
3252
3253
3254
3255
3256
3248
3249
3250
3251
3252
3253
3254
3255
3256
3249
3250
3251
3252
3253
3254
3255
3256
3250
3251
3252
3253
3254
3255
3256
3251
3252
3253
3254
3255
3256
3252
3253
3254
3255
3256
3253
3254
3255
3256
3254
3255
3256
3255
3256
3256
3258
3259
3260
3261
3262
3263
3264
3265
3266
3267
3259
3260
3261
3262
3263
3264
3265
3266
3267
3260
3261
3262
3263
3264
3265
3266
3267
3261
3262
3263
3264
3265
3266
3267
3262
3263
3264
3265
3266
3267
3263
3264
3265
3266
3267
3264
3265
3266
3267
3265
3266
3267
3266
3267
3267
3269
3270
3271
3272
3273
3274
3275
3276
3277
3278
3270
3271
3272
3273
3274
3275
3276
3277
3278
3271
3272
3273
3274
3275
3276
3277
3278
3272
3273
3274
3275
3276
3277
3278
3273
3274
3275
3276
3277
3278
3274
3275
3276
3277
3278
3275
3276
3277
3278
3276
3277
3278
3277
3278
3278
3280
3281
3282
3283
3284
3285
3286
3287
3288
3289
3281
3282
3283
3284
3285
3286
3287
3288
3289
3282
3283
3284
3285
3286
3287
3288
3289
3283
3284
3285
3286
3287
3288
3289
3284
3285
3286
3287
3288
3289
3285
3286
3287
3288
3289
3286
3287
3288
3289
3287
3288
3289
3288
3289
3289
3291
3292
3293
3294
3295
3296
3297
3298
3299
3300
3292
3293
3294
3295
3296
3297
3298
3299
3300
3293
3294
3295
3296
3297
3298
3299
3300
3294
3295
3296
3297
3298
3299
3300
3295
3296
3297
3298
3299
3300
3296
3297
3298
3299
3300
3297
3298
3299
3300
3298
3299
3300
3299
3300
3300
