2.93350994584716
2.01410719627838
0.843599732817604
0.839178441940244
1.09003766723681
1.18308570335999
3.30165876423213
-2.22235029849108
-0.831843789489264
2.14286636552236
-0.201804295849097
3.40424505004701
-1.08797687111909
2.40557541148833
1.34174371385286
0.9004749827718
-0.894428233929511
-2.88825545706813
0.589169097846817
0.634816916161958
0.0261979281891398
2.20036186767891
0.594217101627571
6.99890098934068
-0.344201010422838
-2.32056574984556
1.21013850429875
1.59124472739351
-2.62174776580695
-3.29783814156387
-2.94024203159339
-0.44987318129473
2.02311628076926
-0.558505755927805
3.64415410714398
-2.64725363043446
1.13442328390231
1.9043168607806
-1.19192918797931
-3.02423084722621
-2.38440138972082
-0.356931156719624
-3.67043272180063
1.83816518656163
-0.785027074115373
1.25097614026461
-2.57807377420442
-0.254939974019068
3.81593395073546
-1.34468931041113
-0.369537577231243
-1.12735704015642
-2.6696319077722
-0.780302514699398
0.200349130702757
-1.2030844329088
-0.0467607126162425
-2.26711204362674
4.83956963852338
3.3290887677883
1.67900153270651
-0.0391837589297675
1.00259050422193
-2.75859609521488
0.984560358207682
-0.201764837719385
-0.127032625365777
3.91237821853247
1.60582823665853
-1.20858690517517
-0.685173374762877
3.39197452683405
-1.80193235262926
-1.28263759698564
2.16717939083424
-2.54658984629854
-0.529876872376486
-0.807978395196813
4.50563860767138
-2.06206850763055
-1.41521494572675
-2.32644633628443
-0.470436727736967
-0.281812327115404
3.67082111098448
-2.05068255877836
-1.37245319937647
0.281612817713071
0.93868923150126
0.636707521752552
-0.82556405165804
-1.10534437494544
-2.42899782110423
-1.58539148050405
-1.33592830203742
-1.23289843823043
2.74447211322623
-0.264771894897399
2.69158543076098
0.374650593270025
1.82739563163408
1.66456159555915
-3.49263364221042
-0.622225322390589
2.10189543040054
1.69033942669249
-0.369194507138513
-1.86589953599079
1.73794010338562
-0.108551171824007
-2.82630493142036
-2.08196579342538
3.27086823411367
0.260630388312011
0.98782567711954
0.864528150457924
-2.07086384586446
0.728665269702416
1.64542597132275
0.296515803646467
-1.15492622146173
-3.6533081217656
-1.42200077358816
-1.4600392549676
0.0220002348097847
-2.25406853434156
2.28109504939867
0.457778865262762
1.56930959578388
-3.56948106002283
-0.426827172019667
1.34675186332525
-0.453609912657488
2.07546034471893
3.13959218948618
1.91652035421
0.543792007864548
-1.85381685431526
-0.136607840268703
-0.971331072649264
1.84021286901969
-1.98390306180903
4.08168706137601
-2.89480134985667
-1.82745710563373
0.426908158971649
-0.24025386395151
0.878799559568984
-0.805236289828456
2.15960559033266
-2.71427450995765
0.500120514201346
-0.796941014369117
-0.249924081718347
0.914600100922707
0.397642277820117
-1.01499362602409
-1.35194129367745
0.126595291782728
-1.16353174125856
2.68810173190224
1.19694042080239
-1.47643107998746
1.90011141518499
-0.861345092070486
4.38773420764837
-0.447658363397184
-1.52559276971647
-2.86115093698317
-0.755710051745392
4.88508718143272
2.06449167702202
-6.71969048670783
-3.17303573765602
1.26223138279991
3.18945719638914
-3.98672409423685
-2.44890372539803
4.69033421174816
-3.64121726556078
-1.42370883310076
0.219367436925826
1.17433037736966
-2.98193305672955
-2.68196138024298
0.3982581631837
1.1310690802831
0.416970908220944
-1.61071523956212
0.334884119371131
1.43872522569926
-0.506111882431112
0.259398177031131
1.75160870790331
0.539623431413273
-1.27429260571423
0.439496103210753
-0.00033585202557624
0.0385471582579303
-3.38688782692397
