3.64553355739784
2.04318240238152
0.878322617243587
1.17479861577305
-0.0387557607638191
0.685349126781361
3.17827313030073
-2.23313844163147
-0.311021011683935
2.3027673729443
-0.513248077777145
3.39468953706222
-1.86789283601897
2.13154656897195
0.998076157440154
1.14613224402737
-0.76383714678128
-2.70138213152291
0.453447604073592
0.621750065514443
-0.014011851317047
1.22280756733953
1.42927783982692
6.43405643490306
-0.521081348059766
-2.73114837653799
1.49473212205627
0.857675294567218
-2.03036484105484
-3.58211389129855
-2.59859475275728
-0.677482054100029
2.16742207143847
-0.596900665651037
3.69757033560834
-2.72532845660123
1.73854324799683
1.57184338568055
-1.56770261167345
-4.00411456317784
-1.88835593952827
-0.387466249501384
-4.20972395422931
1.44800801724031
-0.847353579592863
0.84925627354212
-2.50743584105364
-0.296366541462848
3.79955770976712
-1.35343938678276
-0.0536504481355511
-1.14858465895647
-2.2736243652358
-0.200165878719815
-0.495150116100078
-1.51947769165114
0.238036434078534
-2.67864737510561
5.2205259595611
3.48627034528636
1.77628770611743
-0.431886568306355
0.774358805686579
-3.14580276423848
1.52842643904998
-0.412072565529549
0.169323642165884
3.6793380391432
1.97086363925705
-2.27405809343241
-0.401663295067355
3.56266281887076
-2.0763395296235
-1.35740187408303
1.9380405617568
-2.63833753783393
-0.0479020726697573
-0.617708319093371
5.34781713159096
-1.60058910104923
-1.32763961677347
-2.53208052554206
-0.382469668697589
-0.172296089072939
3.69561351583397
-2.09787902398679
-1.02658929815804
0.390512267603824
0.702031011278343
0.550134101267014
-1.17000713703592
-1.3512738088779
-3.41605471599925
-1.83650954850818
-1.56066118210772
-0.550700732650582
2.28870282778928
0.290426683557259
1.65100947866288
0.0519739415525164
1.44826190122085
2.13309118368912
-3.51760939600897
-1.2090988288319
2.14208261205488
1.52527135801296
0.199186356103019
-1.06593167160866
1.43219068351269
0.49576955153817
-2.71200593428819
-1.55534115728849
3.44284725975356
0.0209647485507106
0.771740352781309
0.099088434073285
-1.63136749507805
0.908672395277758
1.72676331198326
0.449181085000646
-1.49224162710541
-4.48299585400094
-1.23789493051154
-1.91839083449832
-0.363548580624129
-2.58638662131853
2.34627177206858
0.0541045941457736
1.42790691384895
-3.68935576060058
0.00397739980099177
0.704549709007587
-1.02958950290863
2.57314555252893
3.02424664038935
1.66336259481597
1.06516396912959
-2.52732084072964
0.590990637562473
-0.434253836598808
1.0604101781213
-2.13416501485178
4.59606415444143
-2.49808822665432
-1.78949528894477
0.390458677990345
0.0967425829002363
1.83365695076596
-0.804860465449089
2.5743245760824
-1.94338525304646
0.014657945298345
-0.927776971104266
-0.294089396285381
0.554134389869976
1.12768491212818
-0.966187968568492
-0.479805592574015
-0.147749485640747
-1.79008658543925
1.80183996938991
0.643505259501017
-1.27290717278666
2.1798138297944
-0.612651985601355
4.35119763653472
0.024640950956427
-1.07407184634086
-3.334230789029
-0.945841363047847
4.39572789341258
2.22002321235745
-6.84283482717931
-3.01915873730577
1.13231966553877
3.57046427101419
-4.17519243370616
-1.93000322727633
5.02554725208133
-3.86175017716761
-1.14206112290801
0.813243015845582
0.881695352421097
-2.64373364808593
-3.1249030293019
1.37680853357748
0.951568462052987
0.182454100539199
-1.05689402689348
0.337988893229842
2.10176093020999
-0.563586576933717
0.0439120434970726
1.42494584855815
0.625258831380776
-1.4360115741175
0.346407079176154
0.30757651419069
-0.195759825781587
-2.91520926817715
