3.82362822172711
2.21666519706299
1.03022553314444
1.43721074531819
0.707921861958086
1.2745791975548
2.66719711022484
-2.18746735704002
-0.734184466977553
1.7342653378965
0.0314364630158324
3.64954808199642
-1.70928514348856
2.12411560675497
1.08339291542911
0.619279249158865
-0.650536633204021
-3.03453313375364
0.953429964124035
0.526061464827015
-0.472541091239316
1.42198328292189
0.608113731046544
6.68360681482006
0.08131726883274
-2.71090905455783
1.6383306690854
1.43914524201144
-2.3396678937283
-3.7914215400971
-2.70774289391385
-0.852415408071382
1.68820634742034
-0.712233978672281
3.32589139003674
-2.04216578983239
1.81786100155294
2.12506501426785
-1.76850401578981
-3.83751649025106
-1.71806678529196
-0.741617882834009
-3.97813204546599
1.05752936484458
-1.04997893540136
1.60432213593766
-2.52300767490268
-0.725011319013309
4.14167795428877
-1.08259443948873
-0.755353360941051
-1.44354686644468
-2.96093692624444
-0.75930875690929
-0.168968832535308
-0.996667772393248
-0.198823217739408
-2.35627456252696
5.14910190463756
2.97122746138314
1.77351874441497
-0.455992771447498
0.483321655740457
-2.53868161074418
1.19500352448309
0.43660920371854
0.519834052207611
3.88397892154586
1.77427129978938
-1.2535253926575
-0.365861025855722
3.33543455159892
-2.00977997193433
-1.09197637704033
1.66893497309229
-2.85320140275597
-0.350212828654199
-0.970884909898276
5.92559668004816
-2.2711340917465
-1.77627483671167
-1.90450662880554
-0.582453628778457
0.10269581716325
3.67128006031872
-2.4164945612078
-1.24374500270573
0.897941841634791
0.840121236109864
0.690234298002542
-0.444363562830606
-1.48620876686436
-2.77065937259698
-2.3013875398182
-1.73757595693044
-0.862659194197327
3.17867251350041
0.257686589437771
2.49060528594422
0.520795445858854
1.2622593395231
1.43567441254294
-3.8663275382078
-0.474195655851204
1.55252676099381
1.89336438763516
-0.168502147653292
-1.3600684417108
1.62264764263218
-0.0701572789833883
-3.11813473942511
-1.51706766655306
3.71408936437428
-0.0738109410912719
0.840515816172826
0.106915983827322
-2.37652434981191
0.603664331462454
1.82786630155849
0.127033161534463
-1.58203908333207
-4.34934373073883
-1.19213712717114
-1.68117780779303
-0.106711784313203
-1.99404592795521
2.19354725788208
0.157922230762775
1.30221634572144
-3.75140426972265
0.0743675143878877
1.08063477090393
-0.791479684488396
1.73426128500293
3.58528478164816
1.45077356289564
1.3135686166772
-1.8465836168819
0.119436418623877
-0.678300770951809
0.942471980429091
-1.64902132891039
4.26479948944736
-2.48415146413713
-1.73755422337585
0.187097248291536
-0.401657883862073
1.26483410492092
-1.04776404753707
2.17797862223042
-2.14171798217218
0.978653923060622
-1.19529970631376
-0.389650445927315
0.732521990251736
1.00357826843802
-0.764172262763953
-0.88792037757555
0.190471829964722
-1.73307822595453
2.12690064912323
0.909376108856661
-1.45622645266121
2.24800290100243
-1.27370066184515
4.19864266991574
-0.0710916075090104
-1.29442784660829
-2.31417667398996
-1.08328788108359
4.58279559984827
1.97755213932183
-6.14018686116452
-2.52669295916927
0.793681868489167
2.89006640512768
-4.41008368238699
-2.22430097149244
3.82824464868576
-3.72974907570937
-0.808933823838672
0.941365106434946
1.45507273293413
-3.45009223494663
-3.1935159242432
0.264971777425153
1.19565360372584
0.088285510239521
-0.731852530121706
0.629417900433824
2.1279691806133
-1.09988408093139
-0.0810981772029036
1.45564583615948
0.811648315507466
-1.01168244065771
0.597351355258373
0.131857072836015
-0.155792953785534
-2.54470403606531
