4.4682897028956
1.64891560908023
1.46632365058559
1.83674811546603
1.29509174196486
1.56258682903902
2.98652211852446
-1.60735865479759
-0.186165317632515
2.11139113293181
-0.559549685471786
3.2786429022665
-0.47997016464361
1.37754877261529
1.39736963579512
0.856429696599759
-0.51046947060848
-2.45245130761622
0.491431591314765
-0.0826263314685884
-0.13620624142925
1.70559422442053
1.052129708365
6.35797816796515
-0.328643734301195
-2.6674022230751
1.58215214826415
1.45864339034373
-2.10052514856379
-3.52016595820765
-2.6483841566152
-0.630969142954757
2.21590337543569
-0.989536098577467
2.80028593062348
-1.8852591804385
2.02813696954394
1.9403732117725
-1.23942828396466
-3.15119833056855
-2.12666298901516
-0.517251617934268
-4.27034730580325
1.60504950628792
-0.352945876863094
0.662862498592474
-2.11209442788742
-0.296539364944846
4.16621273002196
-1.41188500540583
-0.969414577612701
-1.19858903060912
-2.66632313921524
-0.25421151677267
0.258007038243797
-1.22183592837829
-0.838881760981285
-2.39342196140744
5.16564023867674
3.00868361544868
1.780367917611
-0.0644153079433589
0.837557438589184
-2.24181818346584
1.35089320218739
-0.418066389461187
-0.0375078873890816
3.90184120512318
2.27534240937721
-1.5357351610018
-0.688715557630779
3.69426531302448
-1.88066258677968
-1.9613445713401
1.22666467012033
-3.12580763083486
-0.529206653692429
-0.499148475008047
5.22568656690823
-2.03266571638084
-0.86994349422944
-2.06579538340765
-0.264370756192272
0.0180112721921454
3.79381217486068
-1.59038839460511
-1.14929749214124
0.23131572164282
0.670854974760197
0.417997792772678
-0.960610121649113
-1.36752739888801
-2.74386577457116
-1.58663321948596
-1.85235939975388
-1.06916284929772
3.09846087650642
0.348557886414167
2.60163507064891
-0.04578334697376
1.51068264841288
1.54345926516954
-3.63996071982795
-0.368748322407158
1.92602841026838
1.89876823047005
-0.452382179849786
-1.85312969872944
1.61438377600173
0.25863707399639
-2.83116193024599
-1.78978424051913
3.20164675101645
-0.32912675143061
0.943028038234027
0.325703561735337
-2.31180861960816
1.1411922473543
1.78507876832477
0.240875606424007
-1.05441073938719
-4.93301929238395
-0.451419602830134
-1.38734015561507
-0.420058773956561
-2.97432036358979
2.29031750414721
-0.0690519571365784
1.36225870467774
-3.32462726685875
-0.157829063602508
0.640511216865806
-0.863113635752602
2.3912338541824
3.56609917799127
0.791797191699337
1.3296106109832
-2.21170685047701
-0.151634603720981
-1.31573177892348
1.1984683248537
-1.47400429034665
4.03830923950176
-2.92840551554061
-1.16002063157468
-0.199648898070183
-0.0283887100941333
1.82296824634743
-0.45995992088653
2.62203755568884
-2.07137164997279
0.445760750032055
-0.673229416025226
-0.28240402879779
0.659610489186826
0.991674883497282
-1.09535638243913
-1.05389669107997
0.435075663835075
-1.76443798794099
2.45510321066531
1.31013221395852
-1.35079947455916
2.17016097334751
-0.423955063124064
4.29770322787396
0.504847144064995
-0.914282726901611
-2.42255252575227
-1.09734204421745
4.32641524446376
1.9784060879356
-7.47601648186946
-2.88499916110796
0.259945650543908
3.46522663674171
-4.05725398308417
-1.91614646070634
4.43106021277293
-3.16687924610592
-0.849316673442138
0.196356496622781
0.900943205550151
-3.09539298493534
-3.18416019988246
0.320237695878575
0.717256833608601
-0.304312834275465
-1.12384786939957
-0.422425484833729
2.49385518687206
-1.25866453837592
0.30216351944026
1.22195519658582
0.472664852794866
-0.858204980703315
1.10565465672092
-0.417181551621831
-0.529538559874233
-3.55907452113181
