3.78611386381366
1.88266552032675
1.44110994225687
1.73038013511661
0.715962472769573
0.442338339117771
2.57520231460198
-2.08737668715521
-0.751581093762479
1.90975367183553
-0.253366083475604
3.2755294687353
-1.3462029533811
1.82185512713531
1.33817397189228
0.794705282263961
-1.06780167884824
-3.49015228414726
0.618440289842692
0.572952885425082
-0.576085089141347
1.60488309253867
1.24405357571628
6.68068218805978
-0.167714255975866
-2.80091552459487
1.11187922952123
0.691195988216654
-1.94810834859704
-3.46278048665111
-2.69386609633912
-0.735262833714271
2.08841035338591
-0.548452030055352
2.68540257905201
-2.42685076922673
2.07961640269947
1.93109506702404
-1.28004795730509
-3.69851960989655
-1.54947402956217
-0.322883636579232
-3.3980985536719
2.06148631878317
-0.910709936115116
0.679116536613791
-2.44972620472978
-0.810028976183996
3.90665545656328
-2.04418465415611
-0.678548900062862
-1.44686743214753
-2.44055399366387
-0.49517740835306
-0.388081986197211
-1.1488632561859
0.0889212147696679
-2.46991026041363
5.28563023971968
3.23280239209552
2.55224776158703
0.505326647496768
0.732187910877738
-2.44578039969333
0.525051264697237
0.229272366576453
0.691907496230824
3.50822058636088
1.56430626125203
-1.54143832175247
-0.494002029625567
3.50335234033166
-2.47230382597628
-0.701192007506482
2.16003739612187
-3.05991460139301
-0.249720368001603
-0.673466116360959
5.95363276273118
-1.86611532886642
-1.43975812736984
-2.13517311090506
-0.0361877462681264
-0.0325250063291954
3.27023075134843
-2.05734707803921
-1.64975511693522
0.906621409384721
0.607893106343495
0.273508998726296
-1.29436637052236
-1.46493257943821
-2.67235851451304
-2.32933903675641
-0.862487309356483
-1.47392058353543
2.71066038008944
0.297962508899757
1.86015106883996
0.0683423838112287
1.41528210435264
1.97997500051127
-3.20570224562041
-0.86511638041863
2.05403876120905
2.2764813001914
0.201385930080308
-1.19479085289952
1.01415443256785
0.184439384155444
-2.82374645048247
-1.76067132769108
3.88236130176198
-0.555129361720055
0.383901977426259
0.198589782644592
-2.033496517154
0.573756530897189
2.111536087524
0.901647316679783
-1.6155122010831
-3.87198765822466
-0.388435631615203
-1.13293269305954
-0.471269650079919
-2.71971884815449
2.89254148110574
0.662315245709039
1.46421967639201
-3.94617962270864
-0.666256275115021
0.736133803476427
-1.22374257504012
2.64706393072252
3.34668784277811
1.95336543181813
0.486104456077764
-2.17341948642252
0.450158261116441
-0.735650623440125
1.44454169802372
-1.51491992979742
4.16202088270089
-3.49617525097241
-1.9695394681782
-0.265790226825466
-0.00877555157527447
1.96326419808192
-0.6035437241553
2.44110219213792
-2.13973126782501
0.190177911125807
-0.693380654659296
-0.361953649113671
0.890588257416531
1.06850355592697
-1.16621217588379
-0.623308871972291
0.407815534642037
-1.66302509039637
2.4399594620405
1.47933117587077
-1.18543087468709
2.53354569309669
-1.19487507630198
4.95004419819679
-0.389678488448368
-0.362229103566272
-2.43499941862509
-0.725444699125436
4.87125622591918
2.08226132488144
-6.71748450559513
-1.98211592493019
1.00481403135683
3.28458096477191
-4.91414385755
-1.66064895683276
4.8614082212596
-3.34977910777605
-0.196150758572514
0.371718306522256
0.780505516567012
-2.75866744550704
-3.00154226356289
0.765240334318118
0.910185490786085
0.351009881206426
-1.01559109885113
0.41052359621788
1.54266853317105
-1.0639368918619
0.215268517420046
1.56370135071382
0.504221400431089
-0.964173041843351
0.0643426242160415
0.121945121965759
-0.0234373859998191
-2.81888549575005
