3.58885016319259
1.81347151462597
1.67379935664174
0.758679010875633
1.03485736505445
0.70508767757169
2.58776550929305
-2.4011966815204
-0.71424070076298
1.99586851748641
-0.0427667876337427
3.20056564401215
-0.869153917569022
1.67127995758088
1.56954085451761
0.782738266708764
-0.868909045512909
-2.77107149816872
0.346014966036893
0.528764646063462
-0.453805743550433
1.2651316328933
0.889325512236561
5.22334633898724
-0.806682757290461
-1.90818532463631
1.03917378120006
1.16912124080158
-2.07298066377926
-2.86579713354496
-2.33907301710884
-0.40719827244836
1.36335931801672
-0.650453390295638
3.29546336480509
-2.33992791922723
1.25856565464672
1.67733407428149
-1.5331393651705
-2.58142285959085
-1.8834964273588
-0.681907178832849
-3.71681598688084
1.6359071251199
-0.426429712654988
0.965535293840388
-2.5128739566611
0.0649613009287814
3.13424435009428
-1.57487802487964
-1.14522027556306
-0.797000540889901
-2.45710031968391
-0.160190268618467
-0.339126120502424
-1.25177380295238
-0.527228340087516
-1.88536722688725
3.35392713938762
3.30455202552754
2.44429651952801
-0.0453988904290044
-0.122112767577278
-2.07792812981305
1.05650800251035
-0.159841718399331
0.438758280486807
4.00178694483244
1.28460303601153
-0.978341319588869
-1.09520340709007
3.3059723870629
-1.51044042736188
-0.584754762814901
1.6259521894631
-2.44433387265883
-1.02576782967401
-1.05775375699926
4.59423785111747
-2.18477889481112
-1.891902504094
-2.37001316440067
-0.46873966744694
-0.401349535595864
3.16345312107485
-1.72983403380171
-0.782507479983106
1.27827851062613
0.153224394959613
0.537236998710781
-0.372266917142225
-1.33372646958206
-2.14880115822182
-2.11021508867894
-0.530381066677199
-1.25223148103157
2.91710992814627
-0.682071236228211
1.59760053768864
-0.145418111122482
1.38227147095095
1.90577583128048
-3.44360818699164
-0.602508171066239
1.40671685872203
1.66266113842198
-0.0028583739425707
-1.11491307707369
1.22889945155399
0.250616657333097
-2.31018107145807
-1.74522483772242
2.75131603090734
0.299812782594805
0.829549355258576
0.179196634092892
-2.22164767566412
0.0457746825604914
1.04191319011713
0.121926837347803
-1.25931956764443
-3.71835732178358
-0.751080027129227
-0.9529925468676
-0.0904968149748799
-1.88750900996534
1.8860516700641
0.249713339690183
1.19876088026371
-2.65130113852347
-0.267494284066292
0.980226254873039
-0.542225628484302
1.46940358275262
3.24010733609606
1.5994313943283
0.483756370067766
-1.59177582654149
-0.759389015195428
-0.685622698206704
0.996311745261264
-1.68359763829766
4.08453114877591
-2.08468864284363
-2.00724171386014
-0.228304317697555
0.122614530170025
1.82515284233044
-0.531952075133483
2.8583181410817
-1.87652917347668
0.737743854566399
-1.44305874271245
0.117694121629409
0.81742648273639
0.780815673358248
-0.880267506622191
-0.791995517873391
-0.0773426265088339
-0.779360368862638
2.63232409077975
1.01817902867087
-1.06744563021871
2.07645770726762
-1.04603549958233
3.5793606059089
-0.429105034455465
-1.07949129348333
-2.53016325551318
-0.43111515894056
4.70728437274992
1.28419375102615
-5.26449850742856
-2.4747966222698
0.912838173200736
2.94792973931532
-3.48387109413564
-1.86771633271328
3.74403628650545
-2.82813349616651
-0.559737556373998
0.378620926197333
1.05584785387224
-3.01633573559175
-2.32348310330472
0.687080761833998
-0.0116189171749661
-0.560118219712797
-0.81531248526111
0.643317405318665
1.86020214260331
-1.20792099475446
0.180788474277159
1.83044636145659
0.111967226723754
-1.11171926145933
0.177619708120603
0.0242429611897176
-0.116331921205006
-2.31787766787683
