3.71756136688418
1.57849625138144
0.607899951858127
1.45479755342924
1.36515364718125
1.22807223064737
2.78681634031433
-1.83581864070019
-1.19798025728358
2.06575261731368
-0.215145766234627
3.26156511698826
-0.831523736992084
1.6537984931112
1.27738364187005
1.18376006559104
-0.9376930813394
-2.96502619469651
0.423322416168803
0.094928602126667
-0.12081754685159
1.99735371344905
1.16480443761133
6.70767105390929
-0.156175227569139
-2.78221183165112
1.29512988248979
1.62516612192401
-2.79753474258007
-3.78444847042825
-2.78538399463283
-0.998202206742923
2.24838129669846
-1.03327885747665
3.31649321919124
-2.13433851555733
1.60179711001947
1.57740582138779
-1.70717672811832
-3.53284906515211
-2.10963544268772
-0.274804319924656
-3.4055241242127
2.30351627051462
-0.812960480322073
0.73924910845873
-2.90645311598062
-0.913500145289023
4.36177270631013
-1.54480187920023
-0.808349569119037
-1.09936780196888
-3.02196121003979
-0.173222446329747
0.0824861146505643
-1.8898878228628
-0.25886195512515
-2.28244148564281
5.08445692060918
2.99042494215327
1.36865943933995
-0.175863284378
1.11233550638553
-2.62942767155155
0.679821997752875
-0.223135029773741
1.05124366030142
3.51581593228503
2.07780826233767
-2.07349675165027
-0.128208520745944
3.89149116538928
-1.58858702038889
-1.50992515809781
1.4962071242257
-2.72449960756188
-0.53808642190368
-0.898054081296267
5.7218222394669
-1.71047207661197
-1.65402702269737
-1.84259197974357
-0.221672021149006
-0.990724373111764
3.76550237814307
-2.71039316191562
-1.19214701068651
0.277586217709947
0.554974331985253
0.682233717139851
-1.64064523488096
-1.29624975399179
-2.87398154039401
-2.02228545974223
-0.946491483263363
-1.46092859404467
2.27937284131371
0.530403000662379
1.89238459009011
-0.7442005028203
1.23871583200068
1.93470376469908
-3.55656638331514
-0.497545166015063
1.76495561344867
1.82479954101757
-0.229719719807665
-1.1666162250694
1.12450250882116
0.303437794634953
-3.17251432817993
-1.57739840051466
3.8410019628825
0.0320130394262895
0.734791673653468
0.63496780845959
-2.82928117443274
1.17587739749606
1.64822533978339
1.08429592978774
-2.12831103759538
-4.36909345594033
-1.12382075403007
-1.4939170128462
-0.000231556974682579
-2.52828984873514
2.25051041972565
0.659685313662529
1.41302333151916
-3.2754601888086
-0.560455994230506
0.201032373914479
-0.912219287676626
1.72994025325771
3.25084637553574
1.76179398833141
0.323030163136123
-1.644190086329
0.137304203526077
-0.0357994858880285
1.21214903567229
-1.85950797618359
4.40399062017327
-3.31551761027803
-1.88695033307816
-0.0800802602491265
-0.122992502800846
1.82969203108782
-0.811612063347501
1.65226129581343
-2.3300446014208
0.66101796149306
-0.527852343758192
-0.670881743985393
0.783456259226283
1.04478392937431
-0.888687988840431
-0.334904499910476
0.248109645012389
-0.91649190260088
2.46437579559676
0.966500030355742
-1.64708932626922
1.77826984204539
-1.27891633215614
4.71567619374895
0.0237849191651242
-0.722550325462999
-2.86586228551241
-0.369871183432974
4.37506092039969
2.15559174998615
-6.60955443128762
-2.79628795908594
1.09121741091018
3.65036362507518
-4.4002667212135
-1.54813044916765
4.60603667920728
-3.30950483187497
-1.03755945141488
0.270498543989894
0.633864087233009
-2.66121840318356
-3.25527983223802
0.874587959306805
0.575966231647456
-0.286429247999013
-1.1012812024755
0.650734512151829
1.6141858588913
-1.43563552267196
0.704225829801979
2.03283336428786
1.2417428083327
-0.835598961345724
0.23176003277387
-0.24321408815639
-0.705658312295173
-3.3664897998132
