4.20594425901296
2.1120750678868
1.91957544889364
0.886709306859045
1.15375636144741
0.819946060690401
3.01481773619531
-2.53279731675245
-0.674709985122041
1.96943336651888
-0.068258444481081
3.62107858520611
-1.1206463198902
1.97427631169476
1.54943055514294
0.643941431718373
-0.993113852283958
-2.93124792611869
0.444525430892622
0.397497067189087
-0.338224594729177
1.45820562814697
1.13241439435544
6.03374066860008
-0.789605283034191
-2.19828015118347
1.35399683576175
1.22340653940145
-2.22332527894853
-3.22132689903412
-2.72239196055508
-0.627080350488553
1.75623459807122
-0.951901289451653
3.44903153670932
-2.78544627038607
1.50274399289455
1.69303343029198
-1.60983371916463
-2.77191575833103
-1.95853264822677
-1.0720097934221
-4.25726092510184
1.91531445100009
-0.736671691573705
1.2428581242706
-2.74480411199838
0.0715251605990328
3.54067944563945
-1.68696213951847
-1.34733350861735
-1.11520423141524
-2.5087467224607
-0.394329485809306
-0.283082281961864
-1.30018507409525
-0.356530247197707
-2.02602729772385
4.30674508334414
3.10605722940871
2.6717514933094
0.0253656012399183
0.176115924088166
-2.3150230157649
1.01767280506
-0.226523010990279
0.386314315470376
4.35369476750504
1.46123785735131
-1.43044412589632
-0.898297238103926
3.6419301573264
-1.58754911057932
-0.627753531198266
1.8999863126228
-2.79034298803029
-0.932874532517941
-1.38001560065184
5.37219698180044
-2.38335248142736
-1.74379499733193
-2.71649447217755
-0.577736158318097
-0.597030492590429
3.48404390983408
-1.94414863159216
-1.07274711587183
1.29680794067343
0.0123818753470685
0.719819337473453
-0.671473012153537
-1.50003070627963
-2.64962408246619
-2.29308119233934
-0.785532320705299
-1.3669205423001
3.35623910534661
-0.680060795539012
1.98032354207539
-0.196994438404598
1.70276153193454
2.16969754041997
-3.68629748343238
-0.619870698248124
1.33912269195325
1.85457537149892
-0.262950455067415
-1.23039306428524
1.35789987156577
0.0291198126201836
-2.76325572131218
-1.91148370782259
3.16008407654363
0.0969048767833506
0.990096051251331
0.187494308100807
-2.39595241389706
0.382843886684148
1.50169839913794
0.325326984563942
-1.51356936476141
-3.9135351951047
-0.767871326264389
-1.19556578652248
-0.287627645519318
-2.41157376474098
2.15538724390714
0.379819859174531
0.976412316081024
-3.05935198069629
-0.192296797097233
1.20697008706681
-0.540175953983227
1.83480359729546
3.38487501644882
1.77338237224442
0.707022089165904
-1.7833097653677
-0.891322573400219
-0.795324352909026
1.21138029984036
-1.6904895266753
4.39612735908818
-2.50154462249659
-2.18942162966016
-0.0250946749336699
0.120655525269581
1.60453076224446
-0.650163716523493
3.15601213699991
-2.16612374733079
0.709550203344541
-1.61650189754804
-0.221639898613536
0.752889097856916
0.794488073244472
-1.01279377906747
-0.594199392420271
-0.116229638142658
-1.09660331834884
2.71720332671207
0.891756704958912
-0.963170175363709
2.21535592526868
-0.920843705735519
4.18625397391368
-0.551501473911836
-0.893371918389088
-2.75115512985835
-0.68966680583686
5.38074815387144
1.48368698689656
-6.04724631649601
-2.67606899820543
0.832926003430679
3.38149811964249
-3.84556092860901
-2.04212658510624
4.26175526015868
-3.42356006356177
-0.444460199973577
0.654616980907014
1.17874569586453
-3.17526058029367
-3.08173449918398
0.921115163259121
0.0617124495307395
-0.323648136220069
-0.747389673245518
0.483122543607742
1.90194703065158
-1.05386531759138
0.197489551332592
1.89878383465542
0.398846833104985
-1.00103598111821
0.239515600708365
0.194857387799005
-0.165958140040328
-2.7966764951786
