3.94557699562189
2.25895005015204
1.50437435575297
1.74897644579892
0.867748714595724
0.833841270478512
3.21425524326942
-2.04285048798306
-0.433765406684494
1.66754130165298
-0.558713404800966
3.66760168285859
-1.11520157622347
1.64507825705771
1.20450490403081
0.744841858740036
-1.19421710410939
-2.82942736338134
1.18516550864629
0.201387471908067
-0.413343567213391
1.74979269403284
0.746188022388156
6.9987876690568
-0.442808387544796
-2.34854179256476
1.6168973736139
1.18684010105029
-2.30777173794389
-3.43295375890943
-2.16120019435511
-0.483481941272351
2.2406730873976
-1.34992811107024
3.54769264477672
-3.21011518656683
2.00565087050261
1.15503421282781
-1.54027643929331
-3.35688151657365
-2.23224300843768
-0.591806558293677
-3.68847565933152
1.85337528336855
-0.90995595891867
1.09703035972477
-2.65411544976753
-0.922225177628937
3.81137137758003
-1.225052745405
-0.93115546154806
-1.28252668793909
-2.40028770097767
-0.260786512678635
0.0223493807586362
-1.33069132788448
-0.119328319482997
-2.30612747107469
4.7579576032296
2.53348772814203
1.30485329315539
-0.207802063959436
1.24235967069893
-2.87324539097834
1.40139627526945
0.388849296317066
0.111213885739134
3.85681496787416
1.23828797902797
-1.05951149931272
-0.304025662653823
2.97412192309102
-2.33705604812459
-1.2619635869047
2.3050365488046
-3.41366590674681
-0.837309110842211
-1.46248584131207
5.22047689596057
-1.67280911519085
-0.944166543531943
-2.76502041965152
-0.117037793672645
-0.00445164213982746
3.7199551374588
-2.09674343889918
-1.19299488963758
0.724291038719878
0.434061749725181
0.291728298832289
-1.38060465445268
-1.19385941458824
-2.9198701810168
-2.08518738921646
-1.21442708976798
-1.03507706400116
2.553765618003
0.0643317464591548
2.03354994917755
-0.267542179288571
0.975155656100723
1.30219585210165
-3.52967708633898
-0.811627236138708
1.05111892092772
1.49862384613367
0.00903903477426216
-1.15101658893804
1.63635665578281
0.227343611117966
-2.4777728916425
-1.67660598771717
3.77183349684758
0.0598362155514155
0.414587964924049
0.442633819421242
-1.88189886883482
0.880434829168653
1.612385652586
0.416380429368486
-1.77432165421451
-3.86322337907308
-1.36808872859183
-1.94399667498406
0.437989308550339
-2.61552451534345
2.42883945605521
0.728405001654189
1.0669818032115
-3.83792257760411
-0.237976463017703
0.850437504154877
-1.09536184406079
1.93142062194866
3.01510196049151
1.17611731748535
0.53594385466415
-1.95562607529567
-0.246435223610146
-0.304797703628547
1.05828266523662
-2.22147442785838
4.06490352400967
-2.86999527075566
-1.73234979613392
-0.0448892836312464
-0.153884357711803
2.08639236506491
-0.190648168694633
2.58676993318645
-2.12417967406743
-0.176540485105229
-0.787711440606838
-0.472054765462009
1.16513449379697
0.751213433110102
-1.0162801234683
-0.356715599212317
-0.184277323524039
-1.40555489748563
2.44836406559343
1.06431432613144
-1.66837834448305
2.31689142959007
-0.396133898658123
4.17822212283715
0.347947004074225
-1.14224475276736
-3.18540890565963
-0.191295979216671
4.71077427066903
1.60413733839806
-5.96462655918342
-2.6873916541316
1.00562811265754
3.20027689093436
-4.04861679492774
-1.98058959005325
3.997852575697
-3.72860995567175
-0.56122951942646
0.839370876003559
1.04126590002248
-2.9416735610752
-2.94840943264964
0.920991441764347
0.862550960746692
-0.198485299183467
-0.737274184205197
0.019685800657276
1.77384043722211
-1.05512695729259
0.409792821077792
1.30821235908815
0.531306567253065
-0.709844487678798
0.260587577635203
-0.366195338000668
0.200709093606578
-2.53074130054053
