3.83887060115617
1.67686340728421
0.785034719727498
1.46630436825056
0.703158077896297
1.41201660691316
3.3605482888187
-2.67231749735561
-0.632432308809804
1.56019016503178
-0.096968429543258
3.32170114466616
-1.43893329843667
1.64537428581076
1.18943710420329
0.633266641622414
-0.578124559622122
-2.65524551125615
0.993393010635377
-0.2587264736538
0.113269632462846
2.30829350843807
1.03729265199259
6.53280264104075
-0.637092061688192
-2.24226496702306
1.20131142873193
1.43349781579659
-2.19970035623645
-3.3430223976007
-2.91584726831874
0.022995289693581
2.20152470990533
-0.692165683418732
2.72894745873418
-2.49207023043174
1.07119413903168
1.82354335846975
-1.78998048772233
-3.00498076927705
-2.40370464598006
-0.0612809168857452
-4.10148192838241
1.93924699813509
-1.04236330987315
0.821463322096139
-1.7845801967524
-0.385538870415871
4.19150490234613
-0.986638439769941
-0.858008777616193
-1.46151792554097
-2.51100491851514
-0.459749629151394
-0.193827201106104
-1.40779138374158
-0.479752531771231
-2.42743293144516
4.82020134639165
2.57793946979622
1.94428668655619
-0.330371448805417
0.222467757667693
-3.22992039230117
0.642815554607499
-0.0215397793718789
0.616415191732214
4.2837238506448
1.81697055057292
-2.21323645684466
-0.702998018061935
3.42671769732673
-2.40169752130997
-0.826363419420571
1.95195204046508
-3.35058617213375
-0.0306123347059225
-0.979001776202363
5.90127863585455
-1.54447006704975
-1.26463620766267
-2.26274424867384
-0.779349006649015
-0.324561435957908
3.45124964639641
-1.48874622133504
-1.44585409924349
0.474354805285136
0.367009849705234
0.305180247909409
-0.871244148344053
-1.33987766543008
-3.07601946244786
-2.14390060939694
-1.34453723879906
-1.54824986779366
2.76739309959037
-0.286458979368959
2.46603047723304
0.693336392361747
1.39306697744297
1.91579551245026
-3.59473068248902
-1.4755864277483
1.85749374460854
2.60005117105116
0.364290142740033
-1.35496237136069
1.72524000516834
0.0362208935553189
-2.25810008199745
-1.32813128620069
3.7256769166834
-0.282209453260446
0.793747136484023
0.0979009417806823
-1.88048769288522
1.14461135774349
1.76493640622825
0.719694630753961
-1.89308902173073
-4.10082230468057
-0.306149945809236
-1.55498409210717
-0.554820753664103
-3.06181161871258
2.17315145942001
0.0332660879587292
1.46043386538155
-3.60646697200488
-0.289197614502843
1.12152326963765
-1.16670042040953
2.63507258896387
2.43995786858566
1.5267381211836
0.581451591992698
-1.51068791639993
0.419439484306257
-1.13884922374862
1.24798497472758
-2.08188505250615
4.17076743297979
-2.46088396549189
-1.11732624941318
0.0843594003484743
-0.169074578797426
1.86866214172355
-0.755772218711803
1.75147926839087
-2.2128949589586
0.37426715048131
-1.12736979710778
-0.222368932144201
0.272794626624636
1.1570580039159
-0.509079850567574
-0.242177320605099
-0.265573664518522
-1.14413459918744
2.50962711048429
0.941547994872481
-1.21929944712635
2.26725437585337
-0.801475190673569
4.30225008922594
-0.103556991731998
-0.633664871759895
-3.1911028135651
-0.716868824065742
4.65004466233468
2.0536354168705
-6.51978126844616
-2.98114365755226
0.82548125355692
3.33107546596234
-3.71435852274126
-1.74163642271821
4.27502211971073
-3.76353579741634
-0.577157700481382
0.467832325851319
1.37482711741704
-3.09328403007579
-2.73578414112587
0.634321498572913
-0.105499708265058
-0.131282509930787
-0.887440226875144
0.724954860114312
2.03785438389616
-0.944217707487321
0.551073756500137
2.320310098962
0.793066215187172
-1.15331490980198
0.145682565530006
-0.0234418662400454
-0.306537633999128
-2.75506865677865
