4.17502233792924
1.77420012438453
1.56633870725055
1.59674931097915
0.759720105297423
0.99175108536945
3.02723544753602
-1.64869024138352
-0.986283031947285
2.47205459192466
-0.230515496158614
3.90736502649916
-1.67832001047907
1.86111532173439
1.13722829487944
0.977827442672362
-1.31696171393212
-2.5010249264826
0.465640559322207
0.63212780395262
-0.114050024501424
1.5605190477824
1.01398824533759
6.66764680022308
0.223750997115881
-1.87572482760335
1.55710697986787
1.21228343493016
-2.28054892321723
-3.5563358035005
-2.17489763655876
-0.899092062805887
1.93920146980712
-0.752374633902031
3.33994566515153
-2.50029929175401
1.65953524179658
2.06488952855025
-1.69347350637283
-3.65904374277966
-1.88970068393782
-0.671470401662337
-4.08430924504781
0.938479402665053
-0.975125919546892
0.608970713561258
-2.41370704938775
-0.736104584608436
4.05458713086059
-1.36053738099314
-0.974464314799006
-1.41146830463647
-3.05141122937861
-0.965898594586651
-0.030853063689394
-2.27284651544494
-0.273629737437828
-2.89840727449405
5.43587478047698
2.82270612885063
1.56274397861175
0.136026506905849
1.02474676328413
-2.93165957707849
0.472701480150175
0.110028449414609
0.539409672274582
3.95058533779684
2.52583309979473
-1.8885033299455
-0.527064153169992
3.32773625405091
-2.35362583999591
-1.68460187379108
1.97860189416918
-2.52352814722435
-0.272314176519117
-1.16975803873869
5.16988297727202
-1.61969264727749
-1.81215579680876
-2.5119312068389
-0.0678616415263259
-0.550167522625986
4.22670632106653
-2.09337064329952
-1.71789719664158
0.652222985695857
0.6741180922439
0.478560858757516
-0.878743445291363
-1.13207925598873
-2.68446978392371
-1.29148825724492
-1.46963911601772
-1.37521679558071
3.46725877723575
0.780655978083963
2.68632903161733
0.338203189035553
1.07037771664
2.29187895277518
-4.50899722884879
-1.35643678746061
1.38227709980753
1.67878198756055
-0.00957933746410944
-1.51669091814268
1.43175584062278
0.115720334074287
-2.92559588858572
-1.54835645244173
4.12484929806521
-0.00172080476842298
0.602541571121972
0.834256457142385
-2.45309201588646
0.754430501622296
1.23108701320743
0.603058022600309
-0.851588096183513
-4.26509950048739
-0.867552561279765
-1.80928055771232
0.15203988643934
-2.22205744003385
1.98012707197895
0.0449933092544809
1.07214722690516
-3.4727347585091
-0.233394448669197
0.922818682444052
-0.997663641180324
1.91435340281564
3.18649949785595
1.80547033557279
0.597955837141926
-1.8337095312412
-0.151287886715342
-0.695519188784995
1.08803762240411
-1.41389161834036
4.64185166425256
-3.23034908411745
-1.8714433501991
0.389875528735884
0.0527603874936926
2.07521755694945
-0.670068650890467
1.88458236294597
-2.22313201466179
0.802290167401593
-0.834270026982742
0.109221643517884
1.02842386621683
0.665187409528546
-0.851508187887647
-0.666375136220015
-0.130059269717886
-1.28264158841985
2.07379352797455
1.41642938499123
-1.32005910865326
2.01000814584985
-0.780591431307545
3.95975895272981
-0.397562124595898
-0.986101010189993
-2.4335416088108
-1.2902374662356
4.59589977280983
1.31585055271082
-6.4777750981245
-2.74953328936816
0.823727737462018
3.38334347702472
-3.65525376055756
-1.85766815281244
4.46172179586674
-3.81014993211925
-0.567756527273511
-0.0987690778019487
1.20813657732738
-3.00672801456453
-3.00584847401029
0.878130353011953
0.591198811399947
-0.0943176712845831
-0.946734729782389
0.561924828364025
1.37478483877982
-1.28273003592142
-0.161489339371995
1.52097542628052
0.691256160081529
-0.924592611267632
0.196118757004674
-0.0512985823394949
-0.554396924712753
-2.78756758555444
