3.97884698716652
2.06627295333119
1.44621510577542
1.87594800085476
0.603522469844356
0.812181106253158
3.21902883472315
-1.70221270373795
-0.562341572470338
1.57290832223154
-0.377636652527415
3.41724932255835
-1.20666371226721
2.10575973236924
1.03458114813027
1.02865675021841
-0.864049015656747
-2.9543673296054
1.09216752352761
0.373959402583559
0.392483052268885
1.36605388798678
1.62109653071651
7.20256890899307
-0.263194570733077
-2.35059276911726
0.857529997987687
1.46010958514289
-2.39350170452676
-3.42945147238937
-2.54155693215066
-0.51047188678624
1.44265476539398
-1.18435471695009
3.50417268696742
-2.48289090573139
1.68553259456696
2.45664298692425
-1.42016516751889
-3.34993594666454
-1.6449882821918
-0.799089421553409
-3.91387037735337
2.55754192233246
-0.983986428454034
0.621312206022004
-1.84048236604766
-0.496444338871986
3.46375202945361
-1.20784258871066
-1.8074393914131
-1.11669851832118
-2.90028946663153
-0.173962649487056
0.278596723741914
-1.57884745531407
-0.340547479248469
-1.66435718292426
5.27889214251143
2.92607919677332
2.39894598721734
-0.742156987145475
0.323019182101479
-3.15565733863237
0.762042948412998
0.224717482229198
0.171894975047087
3.89161036034347
1.63368545604673
-1.86141820378319
-0.433221745595952
3.47767513150241
-1.72334729823756
-1.36038690227981
1.00520100013494
-2.72091997107785
-0.346551153222886
-1.24598795989769
5.26794381801329
-1.39748066353664
-1.42603436646061
-1.92651438438085
0.181563215145116
-0.32130532340246
3.51191387733915
-2.29504642630924
-1.10624003134661
0.174588925100881
1.03916310321941
0.504876240242759
-1.34939512137183
-1.32813318157801
-3.18173148039785
-2.47076033511221
-1.51260849282864
-1.24394109545468
3.2596169157326
0.0168211498030225
1.93808113917477
-0.137169616040073
1.30487567984371
1.73754422708574
-3.74720235010135
-0.130354475468086
1.54901656122176
2.36367546283041
-0.258303189422975
-1.55109697546101
1.43946211373576
0.0944295514704224
-2.48574766449499
-1.54901677889709
3.97080591427038
-0.32717540337538
0.278011434703039
0.205051691123837
-1.70575871820865
0.85659857216957
1.87879381131792
1.23438578150451
-0.955487599569044
-4.0748358682393
-0.213338782172186
-1.30477112694252
0.0442982601998175
-2.12222778786234
2.21289484760201
0.442158774954171
1.51174356802338
-3.06985792505376
0.207226486949269
0.534473985110099
-0.605959070678714
2.45100981707015
3.54759243311071
0.68462124593751
0.606330715960874
-2.43766292336007
-0.238415215113204
-0.14960797630953
1.70628829013437
-1.70390440899984
4.41266029228653
-2.98984772428201
-1.48375559968702
-0.199585231121098
0.22892575616516
1.86729951427447
-0.597614413270266
2.44026699999529
-1.98929103275605
1.14649566107434
-1.13797117300611
-1.08050956488345
0.816183423307719
0.974566043459999
-0.93736455684132
-0.937529063559704
0.547685923612688
-1.14969899684029
2.38952222833864
0.789781227241281
-1.47081735096495
2.49705013876125
-1.15668488663855
3.62009985000356
-0.0455990406097145
-0.817655931809307
-2.8975725197948
-0.903722327834643
4.68072942311059
2.11616200426507
-6.48003999512631
-3.17542321762796
0.830270517710985
3.25610071309033
-4.38193394188421
-1.9461088845824
4.70510140262631
-3.30409358664037
-0.406313929537275
0.548827978064916
0.639503274945215
-3.3428740965885
-3.32327089251283
0.530053471456507
0.767692481991564
0.00259925006261541
-0.5122239466217
0.422798344497549
2.11001716906343
-1.37459948861572
-0.0436716350213814
1.51157055027211
0.607618231216478
-1.03109697418979
-0.33483170992062
0.433567410931104
-0.241383410484837
-2.47536541660818
