3.38264777917509
1.95559127569528
0.983632501263157
0.753581679047914
1.21417136126159
1.1802815730832
2.76907978039273
-2.2543968917168
-0.795931596653803
1.54674887814588
0.405824756659887
2.94929809411934
-1.28240417679799
1.78101637713271
0.842913797855106
0.436282894963406
-0.782313565817507
-2.69293562112922
0.114020923442793
0.625673699476576
-0.494231154912227
1.76503106221825
1.55884718432878
6.84036008361707
-0.206009383707644
-2.57533047604735
1.80132107589897
1.25656133517889
-2.2318183562431
-3.61786209552245
-2.29772194982361
-0.991263222059242
2.41573489384214
-1.29888448553986
3.90038177943911
-1.6896251624396
1.27251190734245
2.11666645110541
-1.86842933184943
-2.67430134200387
-2.0281382641921
-0.0862618406569595
-3.94533641797233
1.70173212566659
-1.33682250296943
1.03943043932764
-1.98867418449917
-0.844111944368433
3.52026737737307
-1.97372011520731
-1.16050696530669
-0.720355786970653
-2.67056726230554
-0.373058191723133
0.434999921424305
-1.15233907142239
-0.380591736938763
-2.3123546745441
4.74401383238306
3.20832808772911
1.95778016998621
-0.260208986564698
1.1149256286799
-2.9803226336375
0.15571632041037
-0.17949667446087
0.732645301793562
3.83892575036019
1.72761163151894
-1.36861197524691
-0.748423390806612
3.28105694573336
-1.656601202428
-0.587340422399787
3.01049473848213
-2.01364760921091
-0.0603134827168417
-0.541467185468839
5.57095717095285
-1.87103746037565
-1.18253606254444
-2.2364062846602
-0.756223939970861
-0.370461817812753
3.53814557221589
-2.19748415697763
-0.895875015818304
0.831099928701742
0.775708620373689
-0.0184114146300469
-1.6823630386032
-1.29459715065534
-2.889425152522
-1.77024490734825
-1.10187328514341
-1.99030984604943
2.50796083199511
0.147531311016622
2.22682396606601
0.151149676060502
0.530819022322032
1.93190015438749
-4.16470689429145
-0.78927980401327
2.03923399259468
2.32021605776892
-0.526261890905431
-1.21765390998835
2.03796848614199
0.168262298469582
-2.31424849238463
-1.49434168764631
3.34129768271191
-0.297987303015549
0.563941855461443
-0.0922372623158264
-2.10066799920096
1.05970375154024
1.55992391498881
0.763429745880445
-1.50553053582704
-4.25466647308094
-0.668957915892269
-1.30646372781398
0.319532227796178
-2.40032136676811
2.59936799240212
0.488379281160132
1.18748584516381
-3.98871754293637
-0.453944474090878
0.814724804620972
-0.915263946373471
2.13128580547133
3.87329864689123
1.49945536114337
0.509912001611046
-1.86664310011794
0.059166757998423
-0.576659817636852
1.21552474377317
-1.44045858004926
5.06495020817891
-3.1146715970756
-1.84055894102409
0.312595466921722
-0.229261050737512
1.88542467736602
-0.742504514325299
2.22418171044721
-2.26778442405761
0.486847987329637
-0.839003238436868
-0.173235398314545
0.697487432052374
1.03192334106188
-1.07163179391719
-0.629995386557928
0.305028421791294
-1.70864446750256
1.99510682233296
1.1887414933427
-1.46490062974845
2.23416869167283
-0.883911938052968
3.85508506837344
0.0991262879326041
-1.33694798351247
-3.11397815622122
-0.77523714587881
4.50945568164039
2.16834489776573
-6.31476680430642
-2.60865441624364
0.838404375751674
3.31447593610678
-3.88653164709767
-1.45667083766289
4.27835471622269
-3.61796664381983
-0.831300272111446
0.418468139077834
1.63007097038963
-2.6704483838212
-3.10924564295886
1.18039692776218
0.705353361173338
-0.326242109715571
-1.23304806789181
0.535791977500192
2.31203482692858
-1.64457196536449
-0.141435097870629
1.42840715973651
0.792468134608208
-0.941598684581999
0.185777557808519
0.300183999167562
-0.12150261262408
-2.8960567181968
