3.49651842403147
1.71832970617337
1.10780717611273
2.07143438460767
1.30871888574165
1.08147717108924
3.33564135067056
-2.37475771689533
-0.816638372852225
1.82502112879611
-0.0505091166435162
3.90327549802475
-1.78712089107359
1.62370557194177
0.696865502383364
1.44354408517475
-0.772925933699984
-2.72670617818389
1.13206063989802
0.045319290358781
-0.459776097784259
1.82283570629417
0.541666745055122
6.69027834396173
0.0458025830396346
-2.60207345295555
1.92247484851334
1.21394511166024
-2.0575406729751
-3.42924362781517
-2.08107133029042
-0.763388531082908
1.79707164273265
-1.10016025581992
2.84145656552721
-2.52607230810402
1.89768822082683
2.05401000267061
-2.08659576780693
-3.3606241981177
-1.6644401379668
-0.466441248290252
-3.99481843155015
2.1884641814958
-0.894988853749606
0.611154693112013
-2.28703742895263
-0.615943889638726
4.46740356010497
-1.77216009174403
-0.988520675603135
-0.649919778703263
-2.63299230050353
-0.377662230284754
0.190231894042268
-1.34774656069413
-0.173647424576783
-2.52170887824383
5.02885553154728
2.53255964648507
1.78555071569959
-0.0632954752479687
0.628880114643322
-2.87243471793339
1.24225078813104
0.194422354651473
0.228364064324647
4.27508157239354
1.57162986646189
-1.50015943738808
-0.941345752680685
3.50382343596511
-2.38340806663206
-0.712324756183768
1.62236177459589
-2.89344150551403
0.0139667092348733
-1.12018057657568
5.29605513401248
-1.41521957496245
-1.68251430733942
-2.31202585532815
-0.421519745762654
-0.459770147220054
3.68584383847252
-1.95954897725604
-0.965083414426747
1.23204747275475
0.349299869329856
0.25315716862422
-1.19755318230182
-1.41363002863259
-2.74098105633654
-1.86206557897189
-1.24636249791644
-1.24113614387743
2.89921050393227
-0.0649817746428901
1.91155422003146
-0.315513429564095
1.16164778773663
1.89235178155438
-4.19237581590018
-0.727664460789503
1.3930365232701
2.11906742587583
-0.367559330479621
-1.21475530779458
1.42167324419517
0.233475402362296
-2.64779029799077
-1.51910931510175
3.98375633919393
-0.0245994500814283
0.648553572138128
0.0494750943443615
-1.75504351693284
0.596147762270746
1.86206625981066
1.02016605404786
-1.44336936836183
-4.49702175639281
-0.958462125646271
-1.207292844911
0.082570024805202
-2.79310895229584
2.84674554968008
0.555736038799368
1.12119792687095
-3.57062241249663
-0.678053114710989
0.742375116315284
-0.593638480583144
2.24091561733051
3.22673296676539
1.74893904696386
0.645261203336588
-2.34521376822104
0.406411453035035
-0.67085887511456
1.47206466915474
-1.82349614933964
4.15371100908282
-2.34985857354146
-1.5691143319156
0.274107235807963
-0.141412281276091
1.7868663028646
-1.02356809540411
1.464715854781
-2.48074754687043
0.0332932659828196
-0.92144353900112
-0.48384413517372
0.913024123788325
0.675396177494582
-1.25539430254498
-0.462936861463661
0.18686179827315
-1.58328415163155
2.51709649675561
1.00561843203833
-1.49071962703367
2.04840920396564
-0.930042909019771
4.40272098517958
0.436935774371869
-0.389478060431667
-2.78461717873456
-0.954510919125196
4.27000361918685
1.44836114110378
-6.86836392294398
-2.83304162247121
0.953075128366929
3.5788118760903
-4.76749281263081
-1.80692470978218
5.19041406411458
-3.71771946433867
-1.2198681766399
0.659077043595383
0.786400857460128
-2.22244401200856
-2.42591749969975
0.533506977665176
0.698524641552214
-0.494242719338173
-0.950774193431348
0.162380297825808
2.35918455689378
-0.929465298144773
0.419923785406957
1.41084357217328
0.417475367948816
-0.741250299184079
0.219058725238147
-0.0676403143504365
-0.19844039778824
-2.98818847090222
