3.86109358094416
1.85441456628498
1.27325976041853
1.18066541224113
0.557460882466756
1.18319324049714
2.58308089682638
-2.24619306021896
-0.939213944780911
1.48362116090316
-0.0252407138787873
3.63758430111177
-1.37619245368295
2.05782512887795
1.35302389855566
0.61235274780043
-1.38615922359151
-2.91602290305079
0.466713525015543
-0.0103420628168661
0.155329756277244
1.04419883313902
1.04388024509294
6.38484883024997
-0.00323556460396132
-2.21798239152168
1.87926841041464
0.910551052396727
-2.9048404853842
-3.60540905481048
-1.93730136639627
-0.55454952175034
1.77222790449732
-0.978757727367889
3.54851102278389
-2.19268810038605
2.36443649500565
2.16624513547328
-1.72874704402749
-3.98522372774843
-2.19995586616264
-0.533841502146083
-3.37138392500296
1.81182302326091
-1.27345813958102
1.18380466042604
-1.9027787867661
-0.687120142353511
3.51700383901865
-0.888358594256042
-0.734419096732129
-1.28983753211496
-2.75231418960072
-0.188615638772325
-0.296749901547458
-1.77465409558307
-0.568213012905631
-2.00393423486093
5.29712386592754
2.77194463765995
1.45710639571963
0.45172708601506
0.506337050870598
-2.31397278082107
1.23248406145239
-0.196661131972424
0.692873517150294
4.15802082075905
2.08086804677743
-1.83245176855496
-0.914080553952739
3.18576391996635
-1.64920979546199
-1.45370718088738
2.40802165508909
-2.41663786067191
-0.358612541643097
-1.06070029373798
5.30824920909875
-1.97400548849174
-0.868675914524364
-1.99511554505612
-0.438286905574577
-0.769783355629403
3.70481173501804
-2.23780002644503
-1.13246070260678
0.466229525217251
0.532994279714331
0.496221619489473
-1.10333574788334
-1.86723170257609
-3.44312272317199
-1.87638541937977
-1.58420263658051
-1.41670467195056
3.19701595379188
-0.0477054519557275
2.28901574829242
0.247196952625381
1.05658018700672
1.71938232615584
-3.78950809551426
-0.591919695116525
1.44613670727986
1.66268285839556
0.26478084046173
-1.23581629717039
2.00625735884322
0.257224096628128
-2.51140651020276
-1.4753232791727
3.27696098634615
-0.0515863421539347
1.09518901211216
0.358962494796434
-2.34074287228957
0.768561119060986
1.68740711938599
1.06909956172164
-1.17070821784339
-3.86278835440404
-1.2111958098047
-1.52158295146661
-0.282366240145626
-2.67522245685401
2.582444928961
0.634775283708703
0.62201492510019
-3.66842420434036
-0.13787905640518
0.40145381877847
-1.04138754384586
2.53577959707981
3.7789989750391
1.14342135023034
0.56149919225892
-1.88653578153416
-0.566060356296702
-0.826352828655613
0.73091847993473
-1.85729545485834
4.29027511902308
-2.34835621494943
-1.34201596207447
-0.267134424039583
0.123832242482394
1.08554866177112
-0.988288855507126
2.27998627346544
-2.43064130365365
0.697839726397438
-0.995978862186184
0.260626189032268
0.960193762604514
0.864027835610919
-0.703169493514972
-0.556341096920136
0.0294833288759094
-1.26334932076186
2.5045927167913
1.21257159111105
-0.816802909572206
2.05141758797927
-0.611497877660291
4.27423225646269
0.184709161494209
-0.770177032212437
-3.37627484112181
-0.917097803989556
5.04950792547706
1.49458969986652
-6.65234595937421
-2.80836888986444
0.808443288925248
3.407588611927
-4.24869768990917
-1.78429298207985
4.85565903282908
-3.53271829481789
-0.557720863818868
0.758433971197321
0.954935358273606
-2.56599682552432
-2.50016200594876
1.0707974002733
1.33138578416626
-0.461134380731733
-0.594813747774487
0.656499476652548
1.77972077514619
-0.717398984656256
0.597844666722903
1.44402338086106
0.701777331611233
-0.965282931022954
0.204229662313227
-0.198628392171734
0.0155082441376798
-3.12056477165459
