4.06999461659615
2.08331914987624
1.24593304144476
1.55252533774146
0.613048004717534
1.42983064110903
2.86264809770309
-2.13481658537015
-0.699388186541469
1.83498189915357
-0.392706163080875
3.74999048320295
-1.45212121314241
2.52291066543228
1.29665946697523
0.704703785620568
-1.1873017212296
-3.38926109758504
0.80601952721786
0.596134805141923
-0.238233561987337
1.52025762238141
0.941376040182164
6.54504723537519
-0.207908497219598
-2.06670439178759
1.64154453374557
1.53263199809936
-1.45407191398693
-3.50312918771466
-2.27813646946286
-0.893828570244148
1.70406818484711
-0.97623900200497
2.83403504661629
-3.17208297147444
1.62355973719135
1.71127016036872
-1.62742252733207
-3.88452346678499
-1.83703473865699
-0.113927474763586
-3.76187120901785
1.7539882528619
-1.45731509707728
1.29447424267237
-2.42047460452419
-0.523745311735643
3.99189957407775
-1.31876999981901
-0.808906933401847
-1.19513423198348
-3.13470291481565
-0.0950683905008769
0.549320806228922
-0.961530742166406
0.359418452594325
-2.76544597656206
5.44098084715795
2.89111643590462
2.13012514432661
0.153730881949395
1.45023084755947
-2.80042194446435
0.668934314391117
-0.538569731507752
-0.172426383743767
3.80605285942512
1.6231383359644
-1.69202612376589
-0.953053873907244
3.06540478597183
-2.19806060954997
-1.24417152222704
2.00799675511901
-2.89730719525539
0.202240491566184
-1.05344802202471
5.40801478000183
-1.7496203754399
-1.60357724071352
-2.29515841399157
-0.762436124874273
-0.270775941713034
3.61834287771524
-1.89607247930537
-0.992175141403226
0.42782818369171
0.565994876471018
0.709745383396964
-0.994150560748948
-1.57268527397476
-2.72072823165634
-2.1421403430551
-1.8269402186081
-1.18827255241481
2.43620847887431
-0.566567434613968
1.67379354766492
-0.066582538025774
0.984244047164623
2.07769840339481
-3.833973011168
-0.476682157617014
1.02207738884414
2.43254206882611
-0.494118832058671
-0.872689343518299
1.41949945205298
0.825152076176102
-2.42917255890272
-1.77678528359629
3.63424589430064
-0.182003130224536
0.54395757429744
0.502599759273071
-2.63005712516447
0.59930613260363
1.71024568885631
0.442846525153125
-1.39932927122167
-4.0698861395782
-0.394868447809737
-1.4223159570686
0.0524062642147391
-2.68427101426435
3.15084476923059
0.0273713244281954
0.80190550841936
-3.57295157235981
-0.487370201278726
0.512347361888209
-1.52503798574891
2.15978293584823
3.17019314619785
0.90114202695661
0.726091235863989
-1.84444924339764
0.0346488720761301
-0.888204492494179
1.70387000898098
-2.00207330339018
4.35652390677374
-2.41101160824449
-1.1413464115335
0.0293749639832438
0.274326493204679
2.42346101815847
-0.897957511047548
2.39185973633636
-1.80954772977265
0.712223977354534
-0.458543122120156
-0.736566534386349
1.30893461653878
0.670544571591261
-0.803892600941655
-0.909744320474075
0.25936356072903
-1.45759596668542
2.61402438710937
1.6514601493027
-1.62515103512371
2.12227719775431
-0.785755010962144
4.75266219897501
0.145490166916798
-0.968225077044994
-2.72781840824366
-0.443492985823954
3.97313345324057
1.78833207882421
-6.34379614076347
-2.88834206000476
1.72099037113455
3.34298880043689
-3.87741003470103
-1.69463892969639
4.31408167399241
-3.69468989255474
-0.304868717380971
0.978634870095782
1.10653357936248
-3.30607201895619
-2.92101499419963
0.509124227890373
0.853264287154817
0.129333249631214
-0.755406072543689
0.482592143668897
1.54853183747702
-0.819180383602266
0.018122693359765
1.32068557819847
0.740971687210804
-0.65392379256317
0.25143071229018
-0.0821408634395705
-0.171163534476676
-2.2704656281468
