3.87634457511797
1.90965459981304
1.09775600764942
0.876663131158976
0.843855231768887
0.916026488043601
3.12783637988823
-2.29423986649111
-0.761874831687649
2.26435745770445
-0.189966575275501
3.48075206385514
-0.849734245432679
1.67661419913258
0.951100412227139
0.492948180401646
-0.0309505717480508
-2.58062266372291
0.842038351292045
0.302232014358768
-0.0961515594249206
1.86243118197326
1.26326077482929
6.16795985664593
-0.128462595217224
-2.39556899862934
1.50973743675467
1.8210439201941
-2.43657981489177
-3.55850448139435
-2.65850914668597
-0.545636434193369
2.60676593768172
-1.10298245306
3.26163261382112
-2.61322435076144
2.41515638664942
1.57276773356376
-1.58598590203313
-2.95940717004598
-1.64069957997697
-0.808517727400209
-3.75194993783161
1.89774862840001
-0.911131070923389
1.39924484577821
-2.34502685313364
-1.09185200034127
3.89150535512385
-1.59160666524702
-0.995199142102845
-1.43431076387744
-2.63710947091398
-0.924420733476829
-0.376567733315415
-1.40297879983297
-0.547215763616605
-2.34934278785938
5.13745419522052
3.7018613068526
1.41261034046472
-0.666438578318497
0.547470153849731
-3.67855547158229
0.522608522806896
0.617590780340432
1.08749775050921
3.63828275025243
1.99809167141597
-1.37583086430347
-1.27271914353519
3.47647520211091
-2.12750774810032
-0.961544338900111
2.8688674105937
-2.44534827538378
-0.536967355901943
-1.68466502875179
5.52662612729898
-1.81259121597362
-1.63127798808366
-2.80913120164859
-0.593446376241709
0.093468017292445
4.35988033054894
-2.37211655483119
-0.630242697706046
1.09774989522618
-0.213394452124228
0.975461103540873
-1.03969780652955
-1.2746457812483
-3.16405741121411
-1.70172769417265
-1.36996464294037
-0.95414935939866
2.69613736747238
-0.227177105857459
1.92602363567512
-0.186414253979256
1.45181436490894
1.89644016489638
-4.15314081661923
-0.825175177294726
1.48054365839479
1.80692876149041
0.050490871575832
-1.25350755505223
1.4005908025849
-0.309075859364671
-2.46669760591522
-1.62132515608875
3.7143866242018
-0.425124763907958
1.09401712252524
0.271544670674741
-2.38634554329688
1.02198661568159
1.14521434355271
0.799238302339615
-1.24419425165239
-3.90430602301905
-0.920907140386552
-1.39642868189497
0.56142896286166
-2.75461243208
2.12352551924574
0.283745017135876
1.42927963442396
-3.45474218075819
-1.04892760336891
1.07236409865566
-0.825661169132224
2.26063576761722
3.20803371120675
1.43498756308109
0.876990305851099
-2.14844597752793
0.231365908282685
-0.625629528554536
1.35859317892792
-1.81746470493577
4.69938361691418
-2.58349215209704
-1.4480766402082
-0.390133230841815
-0.332222355527877
2.04430167702572
-0.047281878206997
2.04318488425378
-2.90395154433035
0.803753089401775
-0.612223080353422
-0.0188619554586071
1.25525398144189
0.856949653884265
-1.18195498940727
-0.845115922025332
8.14520525529994e-05
-1.69411787426981
1.69179054630771
0.387621874616546
-1.16764209179037
2.25967355502229
-0.825538350870992
4.06292457047767
0.370550779128086
-0.615495477517172
-2.31965680730701
-0.855999362672534
4.45310844028426
1.60148585716621
-6.78618946424722
-2.33501892487882
1.24721187367128
3.09578394427061
-4.15241662608539
-1.30155464884423
3.92844950496794
-3.23068122462137
-0.746816533991506
0.546600941174056
1.28168301201903
-2.93782786858557
-2.62426229481404
1.06569131094646
1.03451707569274
-0.040249074768241
-0.582783854905115
0.657574517255257
2.00530825569112
-0.42195303517863
0.110677552102381
1.65056490520983
1.05959292576645
-0.609577061276903
0.272586223138549
-0.12478062655422
-0.416989123552192
-2.57751251460561
